frame_name,left_temp,right_temp,left_x,left_y,right_x,right_y,left_conf,right_conf,nostril_spacing,roi_radius,left_source,right_source,status,left_temp_r16,left_temp_r17,left_temp_r18,left_temp_r19,left_temp_r20,left_temp_r21,left_temp_r22,left_temp_r23,left_temp_r24,right_temp_r16,right_temp_r17,right_temp_r18,right_temp_r19,right_temp_r20,right_temp_r21,right_temp_r22,right_temp_r23,right_temp_r24
frame_000000.jpg,33.59290485692405,33.657063965629725,733.633056640625,846.8795166015625,557.5346069335938,847.8220825195312,0.9991028308868408,0.9952320456504822,176.1009722282348,20,detected,detected,ok,33.620194397294135,33.61241944156409,33.604967677296834,33.59879354989792,33.59290485692405,33.588335841677775,33.583299501570735,33.5787925311652,33.57390334372277,33.64866965040486,33.64999369455421,33.65265280441231,33.65525445122737,33.657063965629725,33.6584606964718,33.65940696752507,33.65964130537421,33.65941746999325
frame_000001.jpg,33.40980550008695,33.63284107386699,740.1439208984375,854.7257080078125,561.186279296875,850.7218627929688,0.9984127283096313,0.9980061650276184,179.00242530227828,20,detected,detected,ok,33.39925053248215,33.402092839240126,33.404386882269776,33.406738822795106,33.40980550008695,33.41305332575422,33.41410011684613,33.4124386785506,33.408000466271595,33.63117845247994,33.63124221129195,33.63161075800435,33.632351645949335,33.63284107386699,33.63422182195508,33.63521264297127,33.635153294513636,33.634066408882404
frame_000002.jpg,33.20265924357234,33.27942292673531,744.23779296875,854.1358032226562,567.5813598632812,850.1976928710938,0.998713493347168,0.9955600500106812,176.70032278037309,20,detected,detected,ok,33.21259266415447,33.210169640903054,33.207773307030294,33.20557584842586,33.20265924357234,33.20014135872825,33.19608016401357,33.191333883296494,33.18463360387256,33.26461639980747,33.26830721831917,33.2720184053683,33.27600622340213,33.27942292673531,33.27946277656808,33.276818651249,33.27228679354053,33.26708580733383
frame_000003.jpg,33.10105397746398,33.237097780995036,740.8306274414062,853.3421630859375,566.0260620117188,850.0179443359375,0.9984110593795776,0.9968710541725159,174.83617052932655,20,detected,detected,ok,33.12388760594456,33.11997340527513,33.115088864906376,33.108944838505856,33.10105397746398,33.09379843636502,33.081036559837216,33.06751004423976,33.05257168188304,33.2306122406976,33.23342324768792,33.235719546813094,33.238131831817284,33.237097780995036,33.23488602837797,33.229739092079186,33.22380733462531,33.21780053191563
frame_000004.jpg,32.913407311637386,32.99863461150518,728.575439453125,851.948974609375,557.3633422851562,851.5106811523438,0.9989709854125977,0.9997357726097107,171.2126581704999,20,detected,detected,ok,32.97396305348502,32.96013825766163,32.945052555720146,32.92998178541397,32.913407311637386,32.899683414299524,32.88255138167997,32.867516730479565,32.85315185528092,33.06489903008747,33.04809290037902,33.03262160367149,33.0157824843545,32.99863461150518,32.9851091148295,32.96899316652736,32.95468015555117,32.9409862391142
frame_000005.jpg,32.77483982809106,32.9458930954145,720.3601684570312,843.6295776367188,547.83984375,846.7998657226562,0.9972794651985168,0.9982132911682129,172.5494513569004,20,detected,detected,ok,32.79700259166838,32.79262619131521,32.78778316804668,32.7817292418899,32.77483982809106,32.767351591956334,32.758358254928844,32.75007423810187,32.741656505084066,32.97046836850486,32.96688377541351,32.96227688418259,32.95552159188993,32.9458930954145,32.9364120225049,32.92279689726871,32.91039032503076,32.89781700675422
frame_000006.jpg,32.78230094754952,32.97667548132123,721.3790283203125,838.4244995117188,547.44677734375,841.093017578125,0.9987587928771973,0.9964224100112915,173.9527203536773,20,detected,detected,ok,32.802689590826425,32.79877959283492,32.79443887328248,32.789139612423014,32.78230094754952,32.77494515278639,32.766429160546025,32.75875152190564,32.75106228136647,32.98509691460554,32.98415627371728,32.98226194039702,32.979713209985405,32.97667548132123,32.97214453637272,32.96560528406848,32.95898186402645,32.95204271484619
frame_000007.jpg,33.32132207915749,33.33608743233291,719.516357421875,852.962890625,536.0462036132812,853.8009643554688,0.9883954524993896,0.997973620891571,183.47206791805326,20,detected,detected,ok,33.291847986080896,33.300044212447055,33.307887567306295,33.31526320487791,33.32132207915749,33.326095211990136,33.33046971578106,33.333615325475,33.33540949789098,33.34597276748894,33.34744795566086,33.346955510133164,33.342562850076035,33.33608743233291,33.329316298891285,33.32150051997513,33.313259765950605,33.30376717191481
frame_000008.jpg,33.405682443923425,33.40625967646848,712.3728637695312,858.3646850585938,535.155029296875,856.6041870117188,0.9946932196617126,0.9922487735748291,177.22657873059234,20,detected,detected,ok,33.38772440678924,33.39266411927005,33.39690965969572,33.40157688017424,33.405682443923425,33.41004801486332,33.41528828192795,33.42039351208516,33.425243390821656,33.36492591696917,33.373513438055745,33.38280143840913,33.39547296442335,33.40625967646848,33.414452478578845,33.42195375371039,33.427440812102205,33.43046536465857
frame_000009.jpg,33.436974347733255,33.42086612890182,709.3125610351562,857.1629638671875,534.8360595703125,852.1448364257812,0.9997538924217224,0.9985166192054749,174.5486498556486,20,detected,detected,ok,33.42350504009095,33.42781896848264,33.431446043368545,33.43455093548905,33.436974347733255,33.43874224394077,33.44049108349861,33.4424032354368,33.4439803323696,33.389125952409174,33.39580162037637,33.403060636514226,33.41184483297936,33.42086612890182,33.42926660815431,33.43919325648879,33.44757197625619,33.45195243687541
frame_000010.jpg,33.43755328972366,33.42038557314604,707.3784790039062,856.327392578125,536.3372802734375,855.9834594726562,0.9994390606880188,0.9974167346954346,171.04154452394525,20,detected,detected,ok,33.432368478016315,33.43397036836373,33.435196108485286,33.43598901471938,33.43755328972366,33.438922397228055,33.440838927376966,33.44287511500576,33.444397049450416,33.393226023888715,33.40038798644929,33.40751166063084,33.415450503407214,33.42038557314604,33.423288912623015,33.42398943660608,33.42198345058824,33.41806696252778
frame_000011.jpg,33.45992381907728,33.44593198206507,705.8251953125,857.2698974609375,535.2075805664062,857.4940795898438,0.9994416832923889,0.9963416457176208,170.61776202750224,20,detected,detected,ok,33.4521703068616,33.454652854228485,33.45620473987843,33.45817342553971,33.45992381907728,33.46215375794768,33.46480125191226,33.46694864255019,33.46811667074484,33.42613974098006,33.43176509638474,33.437486374626026,33.443684130819854,33.44593198206507,33.44744733587975,33.44546996067042,33.44148744964455,33.43666424034868
frame_000012.jpg,33.44843077835622,33.352780115652564,704.8470458984375,858.240966796875,531.08203125,861.3765869140625,0.9991098046302795,0.9962073564529419,173.7933037527367,20,detected,detected,ok,33.43994975423393,33.442886739902335,33.444952773892,33.446692968755855,33.44843077835622,33.44987280098497,33.45065637421468,33.45020754542792,33.44880726878506,33.354565098670236,33.35645532051544,33.35778134242851,33.356905750540555,33.352780115652564,33.348279453264915,33.34100430031079,33.33322250444078,33.32372452309469
frame_000013.jpg,33.321856225711905,33.12611046789822,706.9403076171875,853.6115112304688,530.4705810546875,855.7044067382812,0.9995036125183105,0.993506669998169,176.48213678627687,20,detected,detected,ok,33.33399161194945,33.331861824971156,33.32924914445721,33.32618455440924,33.321856225711905,33.31807699381949,33.310677976458145,33.302234763582156,33.29248412144566,33.16243238417738,33.15590187046883,33.14786664862234,33.138615057673356,33.12611046789822,33.116512719668954,33.10215764419585,33.08839345819824,33.07385426322693
frame_000014.jpg,33.21820729776333,33.09914453458109,708.3364868164062,844.9014282226562,531.662841796875,846.6146850585938,0.9996626377105713,0.9911808967590332,176.68195180457235,20,detected,detected,ok,33.257638573965245,33.250842149891135,33.24258030669014,33.231493605273165,33.21820729776333,33.20657107041583,33.191555545927834,33.17770459478656,33.16327173246534,33.1635054086364,33.15041028238878,33.13564746222763,33.11829400341164,33.09914453458109,33.08231544745184,33.060749458391996,33.04062063733396,33.02033425753892
frame_000015.jpg,33.116204141945495,33.03563169141174,708.47265625,838.8037109375,531.8184204101562,841.23486328125,0.9990948438644409,0.970693051815033,176.6709640599656,20,detected,detected,ok,33.16422702756129,33.15365146519519,33.14229254219526,33.129923340245746,33.116204141945495,33.10398570824988,33.08851885653549,33.07389357298205,33.05957644129985,33.08129102617526,33.07494126928999,33.066449381788594,33.053136141934125,33.03563169141174,33.0212143472538,33.001309171952286,32.982885329456295,32.96419870327755
frame_000016.jpg,33.07872817242084,33.04068766912173,707.8134155273438,837.1577758789062,531.0509643554688,840.25390625,0.999424934387207,0.9785910844802856,176.78956464555338,20,detected,detected,ok,33.115234675685976,33.107312046007365,33.09899148010623,33.089405472914535,33.07872817242084,33.067696865176764,33.05315117205021,33.03886843046148,33.02456578312178,33.06962938046798,33.066478389050616,33.06195932135654,33.053805776910025,33.04068766912173,33.02896929697127,33.01168896983312,32.995758786506244,32.97962639339632
frame_000017.jpg,33.31535987471151,33.35286190258894,705.183349609375,841.6619873046875,530.0198364257812,843.8590087890625,0.9998314380645752,0.9994643330574036,175.17729092043245,20,detected,detected,ok,33.33631844960885,33.33316328395366,33.329633562123696,33.32386025509918,33.31535987471151,33.30688127599187,33.29617872150018,33.28625316567732,33.27562427715924,33.341617313282676,33.34571594878165,33.35019488229393,33.35226214222494,33.35286190258894,33.352459169295685,33.349745449168104,33.346542762937986,33.342624961201274
frame_000018.jpg,33.35801090281346,33.41043265144695,707.270751953125,843.6324462890625,526.6085205078125,846.0218505859375,0.9990593791007996,0.9982917904853821,180.67803165767992,20,detected,detected,ok,33.35126548659327,33.35178571634133,33.35317235251578,33.35562878896203,33.35801090281346,33.360133668357825,33.361284096720624,33.36283274004112,33.36267353435423,33.37537232153867,33.38244646567193,33.39070502533849,33.40049298363244,33.41043265144695,33.41950181245296,33.42985655703975,33.43813878788585,33.44479444684323
frame_000019.jpg,33.42677889083475,33.51135948689202,705.85595703125,844.670166015625,529.2655029296875,846.2109375,0.9997106194496155,0.9992400407791138,176.59717567549916,20,detected,detected,ok,33.434561242937924,33.43150397983747,33.429232937958126,33.42755457894808,33.42677889083475,33.42738841419122,33.429367351807876,33.43202360124205,33.43461997468097,33.46513403384241,33.474447487503745,33.48610769853748,33.49907785509937,33.51135948689202,33.52203849210659,33.53426798469017,33.54431988622825,33.55300930856309
frame_000020.jpg,33.42667632488325,33.49367223218314,706.6834106445312,845.4380493164062,529.8006591796875,847.2019653320312,0.9996514320373535,0.9990758895874023,176.89154633696847,20,detected,detected,ok,33.4318571674943,33.430199384139,33.42884409261151,33.427471345196786,33.42667632488325,33.42703863103175,33.42835462917714,33.43079470498523,33.433519556988834,33.450651785141346,33.45976324533032,33.47016608576429,33.48226684988389,33.49367223218314,33.50412230062557,33.51583553619164,33.52457319069111,33.5311592751822
frame_000021.jpg,33.44650386030886,33.49022413463814,706.5784301757812,847.4293212890625,529.1619262695312,849.092529296875,0.999620795249939,0.9989103078842163,177.42429968635545,20,detected,detected,ok,33.451494429651085,33.449780885686536,33.4486300068679,33.44712564869956,33.44650386030886,33.44783626570167,33.44983881785393,33.452160933188146,33.45487469804005,33.44871963020122,33.45750146651598,33.466680550196884,33.47830128971657,33.49022413463814,33.50104993923976,33.51344262400957,33.52254714700567,33.52955697431103
frame_000022.jpg,33.44738728564066,33.4674845611554,706.0117797851562,848.553466796875,529.896728515625,850.6378173828125,0.9996147155761719,0.9989520311355591,176.12738515357208,20,detected,detected,ok,33.44776230973567,33.44681876337806,33.445993528887065,33.44610902220513,33.44738728564066,33.4499694915052,33.45281400593629,33.45576045026803,33.45906047214349,33.4333344127439,33.43983877991492,33.44724287004226,33.456580238826454,33.4674845611554,33.4768693941713,33.48585566180583,33.492265878563174,33.49690311096603
frame_000023.jpg,33.40581216228462,33.44490271981763,702.8630981445312,849.5491943359375,528.5245971679688,851.9405517578125,0.9995755553245544,0.9989020824432373,174.354901029693,20,detected,detected,ok,33.42012135645905,33.41394746874611,33.409564344323115,33.4070139719025,33.40581216228462,33.4060114928969,33.406308314772595,33.403843530641616,33.397701533965495,33.40771801695137,33.41587386225425,33.42407612565881,33.43428761902833,33.44490271981763,33.45479099573665,33.467169738625614,33.47571544162811,33.482630295588486
frame_000024.jpg,33.378632699532446,33.36759920975487,702.888671875,851.185302734375,531.9155883789062,853.562744140625,0.9996538162231445,0.9968435764312744,170.98961228040258,20,detected,detected,ok,33.38535861281466,33.3830366451835,33.381447704041065,33.37991352351133,33.378632699532446,33.37686528526926,33.37293747907112,33.366448226231256,33.35840235582332,33.359893510480546,33.36262055365403,33.36570469014077,33.36815700818653,33.36759920975487,33.365418103560174,33.36192236330097,33.357170148729914,33.35156994347804
frame_000025.jpg,33.30651952086146,33.33036631950069,702.2188110351562,851.2955322265625,533.1213989257812,854.1007690429688,0.9996434450149536,0.9972783923149109,169.12067920773,20,detected,detected,ok,33.33758617846348,33.335749984634724,33.32738826624747,33.31833593862638,33.30651952086146,33.29802901249729,33.28525171523955,33.27300893136178,33.26004283049513,33.339140809795,33.339783719186116,33.33886494220995,33.33553473394328,33.33036631950069,33.32573616829134,33.318214731034175,33.31089265365619,33.302858770077584
frame_000026.jpg,33.140273319960805,33.21583486514284,704.0114135742188,854.6331787109375,530.6410522460938,858.6014404296875,0.9993472695350647,0.9956775307655334,173.41577000986132,20,detected,detected,ok,33.144894376931326,33.14516739687908,33.144843453610136,33.14295246471896,33.140273319960805,33.137247695575724,33.131943763964145,33.124644704326506,33.11493457625553,33.25693337957372,33.248674024961595,33.2384965829199,33.22850551128931,33.21583486514284,33.20791920633799,33.19637837214204,33.186122647196534,33.17533681031177
frame_000027.jpg,33.18289659468215,33.18046799550166,702.3876953125,855.81298828125,529.7320556640625,859.826416015625,0.9992184638977051,0.9965519905090332,172.70227996349718,20,detected,detected,ok,33.19144842369897,33.19064227953789,33.18891827148249,33.187221694665375,33.18289659468215,33.1786216897342,33.17113013258189,33.16285911381799,33.15193459257129,33.2065287949844,33.200700098383464,33.194299506409784,33.18740264726713,33.18046799550166,33.17471682574337,33.165640286632396,33.15796015202434,33.14940202184187
frame_000028.jpg,33.397090102028805,33.409972878538596,695.5604858398438,858.0120239257812,516.0581665039062,854.5227661132812,0.9975789189338684,0.9920471906661987,179.5362291212082,20,detected,detected,ok,33.377685074712126,33.38228570456061,33.386942296502845,33.39233845416246,33.397090102028805,33.40031600837593,33.40264395975836,33.40282389512729,33.40194201738152,33.382100878869686,33.38914905835988,33.39563262710294,33.40296826541442,33.409972878538596,33.41586134573217,33.42161579339571,33.426422249484,33.43061519775885
frame_000029.jpg,33.39335575377265,33.364478280162174,690.4848022460938,857.3377685546875,520.5716552734375,853.404541015625,0.9997597336769104,0.9981383085250854,169.95866495423385,20,detected,detected,ok,33.38139809340788,33.38452250643259,33.387421305537686,33.39028209950584,33.39335575377265,33.39611963204609,33.39894693411298,33.40192179998712,33.405057860544446,33.340236281213016,33.344667953411836,33.35054812532761,33.35748388532928,33.364478280162174,33.37136399427622,33.37888826994124,33.38646295676266,33.39408996244959
frame_000030.jpg,33.39335575377265,33.364478280162174,690.4848022460938,857.3377685546875,520.5716552734375,853.404541015625,0.9997597336769104,0.9981383085250854,169.95866495423385,20,detected,detected,ok,33.38139809340788,33.38452250643259,33.387421305537686,33.39028209950584,33.39335575377265,33.39611963204609,33.39894693411298,33.40192179998712,33.405057860544446,33.340236281213016,33.344667953411836,33.35054812532761,33.35748388532928,33.364478280162174,33.37136399427622,33.37888826994124,33.38646295676266,33.39408996244959
frame_000031.jpg,33.39836135269876,33.355121775270824,688.5693969726562,858.0217895507812,520.4042358398438,855.0336303710938,0.9997531771659851,0.9986812472343445,168.19170762587538,20,detected,detected,ok,33.37894872712196,33.384620115765664,33.389913160191824,33.39436376129389,33.39836135269876,33.401774510517264,33.404994310529844,33.40767318231868,33.41014190316469,33.34146430141956,33.344581806882516,33.347781936794796,33.351624735143815,33.355121775270824,33.35832400855252,33.36194877958155,33.36491249564429,33.36666141986189
frame_000032.jpg,33.41540180764021,33.366871691272145,688.2735595703125,859.1710815429688,517.7233276367188,855.73779296875,0.9996606111526489,0.9973873496055603,170.58478561418215,20,detected,detected,ok,33.39854689998074,33.403457274906536,33.40774013991651,33.41214582462615,33.41540180764021,33.41819403289828,33.420358592188904,33.422015265688415,33.42366990282326,33.34688558284471,33.35150931478565,33.35636378346735,33.361931326346635,33.366871691272145,33.37093437889443,33.37473451742142,33.376545723839584,33.377905950490366
frame_000033.jpg,33.40479953853274,33.349293078624285,685.00439453125,860.1095581054688,516.9992065429688,858.00048828125,0.9995020627975464,0.9980039000511169,168.01842567558225,20,detected,detected,ok,33.39258555272825,33.396209179098776,33.39915415817899,33.40189615467747,33.40479953853274,33.407707234979625,33.41077995494373,33.41342240821058,33.414156738186136,33.3379893145631,33.34092459221588,33.34438777264567,33.34679441319625,33.349293078624285,33.35015830774891,33.349995773060996,33.349139204986926,33.34626686199742
frame_000034.jpg,33.40479953853274,33.349293078624285,685.00439453125,860.1095581054688,516.9992065429688,858.00048828125,0.9995020627975464,0.9980039000511169,168.01842567558225,20,detected,detected,ok,33.39258555272825,33.396209179098776,33.39915415817899,33.40189615467747,33.40479953853274,33.407707234979625,33.41077995494373,33.41342240821058,33.414156738186136,33.3379893145631,33.34092459221588,33.34438777264567,33.34679441319625,33.349293078624285,33.35015830774891,33.349995773060996,33.349139204986926,33.34626686199742
frame_000035.jpg,33.32249617542686,33.335394400823766,680.8056030273438,859.0458374023438,511.955322265625,860.4326171875,0.9990658164024353,0.9934992790222168,168.8559755279148,20,detected,detected,ok,33.33779308541423,33.336233318104426,33.33344225380844,33.32943021103702,33.32249617542686,33.31455601562212,33.301804285973624,33.28928596884687,33.27684028653282,33.33388803533723,33.3341349015747,33.33444242874361,33.33539428537616,33.335394400823766,33.3346679028615,33.333308958229814,33.33012668970341,33.325190140862944
frame_000036.jpg,33.27353224972789,33.25893602229254,677.6025390625,860.8429565429688,507.662353515625,862.0487670898438,0.9992949962615967,0.9920026063919067,169.94446340725918,20,detected,detected,ok,33.32628720494959,33.316898647166056,33.30604076368657,33.29128063738713,33.27353224972789,33.25682575815414,33.23731844862225,33.220464816903515,33.20445221193611,33.24293382221677,33.24779670488519,33.251848886363355,33.2561322443274,33.25893602229254,33.26045571231537,33.259606210868554,33.256821975630686,33.25215736033163
frame_000037.jpg,33.22489480577961,33.20043871679822,677.84423828125,861.6439819335938,508.9110107421875,863.2337036132812,0.9988872408866882,0.9883453845977783,168.94070729632787,20,detected,detected,ok,33.251794925952176,33.246627023365,33.240960662501905,33.234166698571265,33.22489480577961,33.21651043435343,33.20286827220614,33.18783458227545,33.17268689195268,33.19076648921865,33.19532684118308,33.19905087072363,33.200987097087314,33.20043871679822,33.1982464612714,33.19217722115034,33.18630946604499,33.179420125761276
frame_000038.jpg,33.33916444100641,33.398330411358415,678.526123046875,866.3097534179688,505.3159484863281,867.3993530273438,0.9975766539573669,0.9953582882881165,173.21360165588575,20,detected,detected,ok,33.33603589612154,33.33676441234769,33.33794733735958,33.339021291630566,33.33916444100641,33.3396538613635,33.338690981081356,33.33683094881943,33.33215393485477,33.36791953664536,33.37629838751639,33.38428612130931,33.39208555061873,33.398330411358415,33.4018282848086,33.40393879159095,33.40496347434464,33.404664537484415
frame_000039.jpg,33.33916444100641,33.398330411358415,678.526123046875,866.3097534179688,505.3159484863281,867.3993530273438,0.9975766539573669,0.9953582882881165,173.21360165588575,20,detected,detected,ok,33.33603589612154,33.33676441234769,33.33794733735958,33.339021291630566,33.33916444100641,33.3396538613635,33.338690981081356,33.33683094881943,33.33215393485477,33.36791953664536,33.37629838751639,33.38428612130931,33.39208555061873,33.398330411358415,33.4018282848086,33.40393879159095,33.40496347434464,33.404664537484415
frame_000040.jpg,33.39742818833327,33.386968666855005,678.1954345703125,867.5739135742188,504.13134765625,867.8948974609375,0.9982547163963318,0.9937048554420471,174.06438286990775,20,detected,detected,ok,33.37254551200516,33.379720503516985,33.38569148341194,33.39169815411005,33.39742818833327,33.402279266115066,33.406797390659925,33.40970592163287,33.41227522431366,33.357926116809026,33.364137220092346,33.37060339226112,33.37790533654608,33.386968666855005,33.394561570317485,33.401702223735086,33.40661654267205,33.41087779200194
frame_000041.jpg,33.4016520335521,33.392043165067065,676.6968994140625,867.689453125,504.1117858886719,867.2756958007812,0.9988434314727783,0.9941474199295044,172.58560949770788,20,detected,detected,ok,33.374248984560765,33.38173988692986,33.389039761755505,33.3958763910555,33.4016520335521,33.40669220982654,33.41211041450403,33.416696765888,33.42062491368017,33.362002511199634,33.36829423340559,33.37477252790461,33.38258026522828,33.392043165067065,33.400240989812986,33.40978658170613,33.41703314941641,33.42256611167407
frame_000042.jpg,33.3934784610776,33.391137199464694,675.3463134765625,867.3501586914062,503.95684814453125,866.867431640625,0.9988545179367065,0.9952541589736938,171.39014514319396,20,detected,detected,ok,33.3683396041129,33.37484099843572,33.381194504120124,33.387418276285025,33.3934784610776,33.3981605992768,33.403182402817244,33.407132759300225,33.40923499357608,33.360395996397905,33.36679133296433,33.37355895762891,33.38161677345609,33.391137199464694,33.399262583175634,33.40853894097485,33.415756395213876,33.42076266965942
frame_000043.jpg,33.40747201542839,33.39943086810962,676.0822143554688,866.7456665039062,503.6794128417969,866.5607299804688,0.9987926483154297,0.9952608942985535,172.4029007043682,20,detected,detected,ok,33.37925359861482,33.387398425790686,33.394725030922096,33.40195121575956,33.40747201542839,33.412487969237716,33.41761096480432,33.421842624182055,33.42444690364729,33.36852232670491,33.374375973459244,33.38130061644381,33.39009569432969,33.39943086810962,33.407541262822065,33.417210878272805,33.424161794496975,33.42924987213783
frame_000044.jpg,33.40747201542839,33.39943086810962,676.0822143554688,866.7456665039062,503.6794128417969,866.5607299804688,0.9987926483154297,0.9952608942985535,172.4029007043682,20,detected,detected,ok,33.37925359861482,33.387398425790686,33.394725030922096,33.40195121575956,33.40747201542839,33.412487969237716,33.41761096480432,33.421842624182055,33.42444690364729,33.36852232670491,33.374375973459244,33.38130061644381,33.39009569432969,33.39943086810962,33.407541262822065,33.417210878272805,33.424161794496975,33.42924987213783
frame_000045.jpg,33.39897600115634,33.42423741753643,673.6853637695312,869.1253051757812,498.5534973144531,867.4854736328125,0.9971465468406677,0.9965949654579163,175.13954349469063,20,detected,detected,ok,33.384457490961246,33.38902932156193,33.39283150570578,33.39599146979538,33.39897600115634,33.40100650704608,33.40320724670513,33.4046390260517,33.40452044388202,33.39335401808511,33.4007653805862,33.40841022255688,33.416357133796865,33.42423741753643,33.43130813887466,33.43890367031016,33.445274267162205,33.451240154264475
frame_000046.jpg,33.24377744202204,33.33624778903346,675.2741088867188,872.8793334960938,499.9737854003906,870.9686279296875,0.9993230104446411,0.9956421852111816,175.3107361520474,20,detected,detected,ok,33.27941581902279,33.27182922765868,33.2626243724258,33.25362571826429,33.24377744202204,33.23564082672657,33.22547834937897,33.216292525436906,33.20696147903977,33.34046356908829,33.340068925141836,33.339736303373606,33.33880208772906,33.33624778903346,33.33048593389618,33.32203752272373,33.31252631533326,33.30185549245548
frame_000047.jpg,33.25013951323783,33.286152095874485,672.9837646484375,873.171142578125,499.3006286621094,871.0325317382812,0.9994722008705139,0.9980795383453369,173.69630215513988,20,detected,detected,ok,33.28818525388971,33.27991947616145,33.27044327790238,33.26078587183895,33.25013951323783,33.24108887721555,33.22947808441702,33.21928867343627,33.208762250239204,33.28253333432392,33.28654406764978,33.287753907187806,33.287548062355064,33.286152095874485,33.28461586069761,33.28086981475864,33.27522582386632,33.26643724741923
frame_000048.jpg,33.219190041571785,33.186675118658435,669.0414428710938,875.3072509765625,494.9022216796875,873.966064453125,0.9989020824432373,0.9969828724861145,174.14438589411995,20,detected,detected,ok,33.24801736502434,33.2414314069214,33.23529902217721,33.227918175031355,33.219190041571785,33.20956886441561,33.197603380157425,33.18653842698655,33.1745580202129,33.18338922379336,33.18531984208512,33.18766574503293,33.187476562375195,33.186675118658435,33.18571891882779,33.18319952465547,33.17800852655925,33.17186595812047
frame_000049.jpg,33.219190041571785,33.186675118658435,669.0414428710938,875.3072509765625,494.9022216796875,873.966064453125,0.9989020824432373,0.9969828724861145,174.14438589411995,20,detected,detected,ok,33.24801736502434,33.2414314069214,33.23529902217721,33.227918175031355,33.219190041571785,33.20956886441561,33.197603380157425,33.18653842698655,33.1745580202129,33.18338922379336,33.18531984208512,33.18766574503293,33.187476562375195,33.186675118658435,33.18571891882779,33.18319952465547,33.17800852655925,33.17186595812047
frame_000050.jpg,33.45966441365258,33.434703383577094,668.5607299804688,875.5939331054688,491.65325927734375,879.5902709960938,0.9990653395652771,0.9971566200256348,176.9526035612731,20,detected,detected,ok,33.427047483166845,33.43674812558229,33.44535733616292,33.45330610631104,33.45966441365258,33.46474573108167,33.46949663922334,33.472674015133464,33.47491132474487,33.409453079778004,33.41565922872611,33.422317315873535,33.42894624431443,33.434703383577094,33.43889779940135,33.442627824590595,33.44202736683936,33.439528125095
frame_000051.jpg,33.460660602321624,33.469026885193145,666.5810546875,875.2623291015625,488.768798828125,878.7122802734375,0.9992020726203918,0.9963879585266113,177.84572105307498,20,detected,detected,ok,33.428140159795824,33.43726177530706,33.44545911315582,33.453623647901445,33.460660602321624,33.46647258664876,33.471778219830036,33.475849796819716,33.47921765059735,33.447018859808956,33.452736792521044,33.458459069572534,33.46399512193361,33.469026885193145,33.47292670268072,33.475957031991946,33.47846488746759,33.47942933042458
frame_000052.jpg,33.46707211710767,33.487631715662936,659.76513671875,876.453369140625,487.6601257324219,878.3062133789062,0.9992621541023254,0.9956658482551575,172.11498435166956,20,detected,detected,ok,33.43703197258343,33.446010625438674,33.45413581219838,33.461542182292646,33.46707211710767,33.4709140528442,33.47443005271667,33.47724773403758,33.48016990064406,33.46592637194592,33.4712006514542,33.47654754733785,33.482191166692964,33.487631715662936,33.491374363982764,33.49602538586027,33.49806188880735,33.49920977621171
frame_000053.jpg,33.55970364354128,33.50619810736689,657.8391723632812,874.1076049804688,486.7801208496094,876.103759765625,0.9994845390319824,0.9942928552627563,171.0706980715381,20,detected,detected,ok,33.52719519798255,33.53639461919933,33.545381514526746,33.553406321321106,33.55970364354128,33.56385112924143,33.56770273524929,33.569848903895846,33.570878804599516,33.48408450645976,33.489491441194744,33.495094003250436,33.500901048880095,33.50619810736689,33.5105768432353,33.514816755784125,33.517228117162766,33.51872665115189
frame_000054.jpg,33.5999173028127,33.532524032377566,637.193359375,858.8176879882812,473.77935791015625,856.2684326171875,0.9997883439064026,0.9975919723510742,163.43388442333188,20,detected,detected,ok,33.59192544517021,33.59479372801564,33.596673488892506,33.59810640709185,33.5999173028127,33.60154057391429,33.60244738187279,33.60296920342257,33.60320247622135,33.507610269461644,33.51464988961579,33.52152217425543,33.52823597094673,33.532524032377566,33.53375988701794,33.53265759306327,33.52985274598839,33.52560522167574
frame_000055.jpg,33.69890352958695,33.806848326232256,577.2583618164062,801.7894287109375,418.8245544433594,803.17626953125,0.9994668364524841,0.8808066844940186,158.43987707070656,20,detected,detected,ok,33.73540061870092,33.726602031718954,33.71776090282804,33.708423817179735,33.69890352958695,33.6912222010417,33.682268523279994,33.67519883067808,33.66815575759179,33.84251737882887,33.83615737355136,33.82770547756642,33.817511348192404,33.806848326232256,33.7977078967285,33.78664661507272,33.775677927729994,33.7640663387111
frame_000056.jpg,33.85628222008102,33.67753479917037,487.75750732421875,741.8556518554688,342.0534973144531,740.1039886474609,0.9997521042823792,0.023044193163514137,145.71453893459008,20,detected,opposite_inferred,opposite_inferred_repair,33.91359526060573,33.899248809924885,33.88548624358915,33.870901400556185,33.85628222008102,33.84419470117267,33.83039716864695,33.818269738907546,33.80648974433851,33.738778763584506,33.72433925598247,33.70978673713603,33.69454445686098,33.67753479917037,33.6634061217891,33.64473761426696,33.62571961299038,33.604391495324826
frame_000057.jpg,33.77443941053259,31.99587836091504,379.3766174316406,696.7183227539062,233.672607421875,694.9666595458984,0.9996294975280762,0.0007878573960624635,145.71453893459008,20,detected,opposite_inferred,opposite_inferred_repair,33.80677334815108,33.800240967941676,33.79290090741425,33.78412361915431,33.77443941053259,33.765842449851654,33.75549268744404,33.74611681350878,33.73699901960647,32.113812960140756,32.09405211434726,32.06794996506231,32.03332242218642,31.99587836091504,31.955373827332654,31.907274893133135,31.862596151043245,31.817369627112367
frame_000058.jpg,33.38102353065487,31.31560791966936,273.66827392578125,682.7896728515625,127.96426391601562,681.0380096435547,0.9982001781463623,3.678486609715037e-05,145.71453893459008,20,detected,opposite_inferred,opposite_inferred_repair,33.3805319440934,33.38112212978913,33.381201967957175,33.3810361073692,33.38102353065487,33.38052858333572,33.380087198764876,33.37963150964152,33.3789958052551,31.262907143285094,31.274294303555692,31.286562950344152,31.30162122451634,31.31560791966936,31.326591363491097,31.33857253604355,31.34731216154323,31.35379529179257
frame_000059.jpg,,,,,,,,,,20,missing,missing,no_detection,,,,,,,,,,,,,,,,,,
frame_000060.jpg,,,,,,,,,,20,missing,missing,no_detection,,,,,,,,,,,,,,,,,,
frame_000061.jpg,,,,,,,,,,20,missing,missing,no_detection,,,,,,,,,,,,,,,,,,
frame_000062.jpg,,,,,,,,,,20,missing,missing,no_detection,,,,,,,,,,,,,,,,,,
frame_000063.jpg,,,,,,,,,,20,missing,missing,no_detection,,,,,,,,,,,,,,,,,,
frame_000064.jpg,33.470889908620336,30.660774303425928,167.095458984375,820.1641845703125,21.391448974609375,818.4125213623047,0.9469098448753357,0.008415957912802696,145.71453893459008,20,detected,opposite_inferred,opposite_inferred_repair,33.51595422710145,33.50405690482297,33.49263015871055,33.481518766474096,33.470889908620336,33.46225169237964,33.45141782335819,33.44111981461708,33.430834607262526,30.814143281414047,30.78132491901298,30.744454772626202,30.7033416785805,30.660774303425928,30.628005504664337,30.59146789588892,30.574563072462173,30.564770203667656
frame_000065.jpg,32.54991932844345,32.60859241458259,221.6650848388672,819.201416015625,75.96107482910156,817.4497528076172,0.82828289270401,0.003683043411001563,145.71453893459008,20,detected,opposite_inferred,opposite_inferred_repair,32.55431804296119,32.554034640635805,32.55286918561509,32.551390762603624,32.54991932844345,32.54810439264656,32.5463474675131,32.54492162960115,32.543589638416215,32.61741397156085,32.61405501221358,32.61176882331533,32.610556963220134,32.60859241458259,32.60739192060699,32.60475304425702,32.602099999602935,32.59912316511167
frame_000066.jpg,,,,,,,,,,20,missing,missing,no_detection,,,,,,,,,,,,,,,,,,
frame_000067.jpg,,,,,,,,,,20,missing,missing,no_detection,,,,,,,,,,,,,,,,,,
frame_000068.jpg,33.48818887092259,29.2308049757205,138.6451416015625,798.9273071289062,10.027050018310547,801.5958862304688,0.9955329895019531,0.00015887674817349762,128.64577255758962,20,detected,low_conf_inferred,low_conf_inferred_repair,33.496314728492074,33.4940475883161,33.492278185272504,33.490453989260025,33.48818887092259,33.485673260926305,33.48297466206675,33.480040317464976,33.47665103189497,29.12182470834735,29.153319661691675,29.184003479503072,29.204358183108088,29.2308049757205,29.244873706299376,29.26184251983457,29.275806783821228,29.28727194022012
frame_000069.jpg,33.48818887092259,29.2308049757205,138.6451416015625,798.9273071289062,10.027050018310547,801.5958862304688,0.9955329895019531,0.00015887674817349762,128.64577255758962,20,detected,low_conf_inferred,low_conf_inferred_repair,33.496314728492074,33.4940475883161,33.492278185272504,33.490453989260025,33.48818887092259,33.485673260926305,33.48297466206675,33.480040317464976,33.47665103189497,29.12182470834735,29.153319661691675,29.184003479503072,29.204358183108088,29.2308049757205,29.244873706299376,29.26184251983457,29.275806783821228,29.28727194022012
frame_000070.jpg,33.36142074312167,27.622261913105806,135.3118438720703,797.8491821289062,0.0,789.5733642578125,0.9992808699607849,7.593002374051139e-05,135.56468660198735,20,detected,low_conf_inferred,low_conf_inferred_repair,33.37085460569854,33.37012708726147,33.368973857319865,33.36572518616719,33.36142074312167,33.35707941259197,33.351847108735896,33.3466874518519,33.34211874095446,27.302759882290875,27.37712035965391,27.453696337827218,27.534919652874564,27.622261913105806,27.69751227415592,27.789720611107196,27.870887811401573,27.947891500246435
frame_000071.jpg,33.19600441444044,26.984464997109356,133.21495056152344,783.5794677734375,0.0,776.6788330078125,0.998386025428772,0.00010877299791900441,133.39355986432662,20,detected,low_conf_inferred,low_conf_inferred_repair,33.25042104796459,33.236769912141774,33.22349371244057,33.209443890240706,33.19600441444044,33.183018426147605,33.16640163828858,33.15088396147237,33.13471207240812,26.75826405522109,26.81219986711534,26.866077349765355,26.92537868575498,26.984464997109356,27.0397922162963,27.1076556624419,27.175274254562467,27.25054066316926
frame_000072.jpg,33.16447003562914,26.957682254101307,132.63558959960938,780.8043823242188,0.0,775.65966796875,0.9983289837837219,0.00012607505777850747,132.73532956313994,20,detected,low_conf_inferred,low_conf_inferred_repair,33.21850994662039,33.208496384035726,33.19545962000068,33.180257725630334,33.16447003562914,33.150509835295985,33.13434032719386,33.11932989590903,33.10478797672542,26.745665595910918,26.794743040880732,26.845152297326504,26.901569512703627,26.957682254101307,27.010473674300226,27.07588853459141,27.140902572988544,27.213507996892893
frame_000073.jpg,33.16447003562914,26.957682254101307,132.63558959960938,780.8043823242188,0.0,775.65966796875,0.9983289837837219,0.00012607505777850747,132.73532956313994,20,detected,low_conf_inferred,low_conf_inferred_repair,33.21850994662039,33.208496384035726,33.19545962000068,33.180257725630334,33.16447003562914,33.150509835295985,33.13434032719386,33.11932989590903,33.10478797672542,26.745665595910918,26.794743040880732,26.845152297326504,26.901569512703627,26.957682254101307,27.010473674300226,27.07588853459141,27.140902572988544,27.213507996892893
frame_000074.jpg,33.15016315258638,27.113698115094305,131.0670166015625,780.8165893554688,0.6355161666870117,779.5526733398438,0.998573899269104,0.00015604558575432748,130.43762413271517,20,detected,low_conf_inferred,low_conf_inferred_repair,33.218009908645314,33.20426598392206,33.188227021191636,33.16992352857523,33.15016315258638,33.133166158094795,33.11428716616687,33.09765365311595,33.08132958107197,26.86716059273895,26.925007818881877,26.982784137383163,27.047083664903088,27.113698115094305,27.17417012029778,27.247059760846344,27.314979352048258,27.38297689304249
frame_000075.jpg,33.04180011922012,27.129384554589056,150.71524047851562,777.3953247070312,5.01123046875,775.6436614990234,0.9940217137336731,0.00032207765616476536,145.71453893459008,20,detected,opposite_inferred,opposite_inferred_repair,33.03494665849942,33.037492665034755,33.03927763882857,33.04007220212912,33.04180011922012,33.04343494445196,33.04350299056433,33.04287238925597,33.04057653052418,26.853452094734568,26.918325703763916,26.98453103025011,27.05651809119213,27.129384554589056,27.192671892881208,27.269248965866986,27.337729979772252,27.404422519615274
frame_000076.jpg,33.3601682589192,28.33084295279926,197.8581085205078,738.2482299804688,52.15409851074219,736.4965667724609,0.9988982677459717,0.0001965363189810887,145.71453893459008,20,detected,opposite_inferred,opposite_inferred_repair,33.36475237189952,33.36453491796214,33.3636306117322,33.361894671192076,33.3601682589192,33.357101953070504,33.3517223219981,33.34544444863645,33.338695650539414,28.48332483285141,28.44087952933611,28.401989334965972,28.36327917358092,28.33084295279926,28.307092626882408,28.283997101367397,28.268818406463524,28.257391731301414
frame_000077.jpg,33.4945771721967,31.760250516729897,360.9306640625,599.535888671875,215.22665405273438,597.7842254638672,0.999593198299408,0.004162724129855633,145.71453893459008,20,detected,opposite_inferred,opposite_inferred_repair,33.50266339960478,33.500525047623434,33.49892580996707,33.496877025529294,33.4945771721967,33.49275302225688,33.49041096707188,33.488130939942984,33.486062378713335,32.09012303965375,32.005018268430426,31.92330014656823,31.842625613635192,31.760250516729897,31.69456940272219,31.61629613028343,31.54886129790924,31.48529055387638
frame_000078.jpg,33.32251038575884,33.37048162655926,439.2998352050781,505.72161865234375,318.7083740234375,509.4918518066406,0.9995836615562439,0.9984588623046875,120.65038403569586,20,detected,detected,ok,33.349960829068344,33.34370092119883,33.33690434626074,33.32938928459337,33.32251038575884,33.31690143887174,33.30998520733441,33.304218711505996,33.29928344286519,33.38280025189746,33.38002476970784,33.37686219296547,33.374780456724125,33.37048162655926,33.36627417893973,33.361726346233766,33.35772651392969,33.35385526462918
frame_000079.jpg,33.32251038575884,33.37048162655926,439.2998352050781,505.72161865234375,318.7083740234375,509.4918518066406,0.9995836615562439,0.9984588623046875,120.65038403569586,20,detected,detected,ok,33.349960829068344,33.34370092119883,33.33690434626074,33.32938928459337,33.32251038575884,33.31690143887174,33.30998520733441,33.304218711505996,33.29928344286519,33.38280025189746,33.38002476970784,33.37686219296547,33.374780456724125,33.37048162655926,33.36627417893973,33.361726346233766,33.35772651392969,33.35385526462918
frame_000080.jpg,33.19111108727901,33.16334045128421,506.3663635253906,446.00494384765625,372.22772216796875,447.78009033203125,0.9992340803146362,0.9946064352989197,134.15038669439622,20,detected,detected,ok,33.26215866622979,33.24357006905334,33.22570044962464,33.20814276028326,33.19111108727901,33.176881062963474,33.160570970082844,33.14522710364732,33.12981108133528,33.2192936504954,33.2055172279922,33.19140390741663,33.17695081882221,33.16334045128421,33.15205064335689,33.13833600113725,33.12606156657765,33.11311696621729
frame_000081.jpg,32.96313589718653,32.92451441674508,551.337646484375,381.1540832519531,405.6336364746094,379.4024200439453,0.99940025806427,0.3026432991027832,145.71453893459008,20,detected,opposite_inferred,opposite_inferred_repair,32.99155598476493,32.984928779244825,32.97775313407173,32.97088844520035,32.96313589718653,32.95735981369682,32.950161006549656,32.94420549535892,32.93809125707931,32.951083361546395,32.9452857950037,32.93870726764147,32.93234249945061,32.92451441674508,32.91680066113133,32.90516745593143,32.894359382044556,32.88329345618724
frame_000082.jpg,,,,,,,,,,20,missing,missing,no_detection,,,,,,,,,,,,,,,,,,
frame_000083.jpg,,,,,,,,,,20,missing,missing,no_detection,,,,,,,,,,,,,,,,,,
frame_000084.jpg,33.25072835293545,33.16009388704912,534.1776733398438,224.10433959960938,402.7790832519531,218.137451171875,0.997655987739563,0.844328761100769,131.5340002987613,20,detected,detected,ok,33.27516095870154,33.26882342390821,33.262703495470184,33.25722280670352,33.25072835293545,33.24563729374271,33.239059855704504,33.23301685734755,33.22675354699673,33.14760435416403,33.1513321548908,33.15442444056321,33.15768307925432,33.16009388704912,33.161944348270644,33.164072028544574,33.16593916670888,33.16723581344441
frame_000085.jpg,,,,,,,,,,20,missing,missing,no_detection,,,,,,,,,,,,,,,,,,
frame_000086.jpg,,,,,,,,,,20,missing,missing,no_detection,,,,,,,,,,,,,,,,,,
frame_000087.jpg,,,,,,,,,,20,missing,missing,no_detection,,,,,,,,,,,,,,,,,,
frame_000088.jpg,,,,,,,,,,20,missing,missing,no_detection,,,,,,,,,,,,,,,,,,
frame_000089.jpg,,,,,,,,,,20,missing,missing,no_detection,,,,,,,,,,,,,,,,,,
frame_000090.jpg,,,,,,,,,,20,missing,missing,no_detection,,,,,,,,,,,,,,,,,,
frame_000091.jpg,,,,,,,,,,20,missing,missing,no_detection,,,,,,,,,,,,,,,,,,
frame_000092.jpg,,,,,,,,,,20,missing,missing,no_detection,,,,,,,,,,,,,,,,,,
frame_000093.jpg,33.364824740384904,33.419905076292274,529.5081176757812,267.2457580566406,392.44268798828125,261.1925048828125,0.9989615678787231,0.9700762033462524,137.19903020577613,20,detected,detected,ok,33.37077799736792,33.36971888513413,33.368393022792425,33.36665044477069,33.364824740384904,33.362868965339864,33.360373631594186,33.357974858486934,33.35494090999459,33.43695191259301,33.43258341118473,33.428271174089886,33.42394215361175,33.419905076292274,33.41655521469033,33.412765229678634,33.40955624751376,33.40731259528084
frame_000094.jpg,33.410466678314414,33.28977101021461,543.2269287109375,281.0630187988281,405.50048828125,276.9212951660156,0.9981945157051086,0.9214109182357788,137.7887015254983,20,detected,detected,ok,33.437049723676246,33.43249583701232,33.4257811705794,33.418066727375454,33.410466678314414,33.40368354035576,33.396649664929306,33.390804009037076,33.38535929185004,33.28440257554588,33.28771791967358,33.28927635611261,33.289359312724606,33.28977101021461,33.290121753210926,33.290195989531405,33.290557825211756,33.290459964025985
frame_000095.jpg,33.55620972494803,33.543774614421295,571.9351196289062,299.7647399902344,433.3711853027344,294.3563232421875,0.9983962178230286,0.9898070693016052,138.66944460719608,20,detected,detected,ok,33.556824331209,33.559838979730664,33.560237951989514,33.55876411826362,33.55620972494803,33.5540569386647,33.54976347554376,33.545501739608866,33.54036365309892,33.55670029451875,33.55464028513563,33.551499356680345,33.54782787972534,33.543774614421295,33.53979281997594,33.534502489159784,33.52980776968679,33.52432536261901
frame_000096.jpg,33.52786388941955,33.675049416832366,605.5695190429688,307.2611999511719,462.02197265625,303.5537109375,0.9996004700660706,0.9949641227722168,143.59541618183246,20,detected,detected,ok,33.543345554734714,33.54038498467596,33.537158067916366,33.53268289565345,33.52786388941955,33.523406498105246,33.517956110299366,33.51254543176173,33.50671588852074,33.70526693276936,33.698753970011104,33.691769341969234,33.68387228105923,33.675049416832366,33.66762895424551,33.657553217285994,33.648679811720854,33.639563647056086
frame_000097.jpg,33.21991027041812,33.437171474797104,630.82080078125,301.51422119140625,485.95806884765625,297.81353759765625,0.9993401169776917,0.9980216026306152,144.90999331421312,20,detected,detected,ok,33.22033067060128,33.21989392029893,33.21942624292264,33.219255378011354,33.21991027041812,33.22056874354914,33.22143069492705,33.22151070238414,33.22056489714082,33.48523882155482,33.473661713872936,33.46198602931881,33.45038900270263,33.437171474797104,33.427741846029775,33.41618008673647,33.40651900626939,33.39730992392425
frame_000098.jpg,32.925257203209,33.136859481806106,655.5213012695312,285.9372253417969,519.75390625,287.7064514160156,0.9996434450149536,0.999714195728302,135.77892219078458,20,detected,detected,ok,32.90802178312873,32.913400406713734,32.91794351957911,32.92224001972801,32.925257203209,32.92783827528972,32.92955218477443,32.93087752517506,32.93174801348507,33.166890884302994,33.160162316915574,33.15259591060224,33.14476735373944,33.136859481806106,33.12886159068812,33.11870096286847,33.10920479463636,33.09994764087557
frame_000099.jpg,32.968351942525395,33.03645402336318,675.6527099609375,275.82208251953125,540.3292236328125,273.84393310546875,0.9997292160987854,0.9943458437919617,135.33794378186255,20,detected,detected,ok,32.97424209489858,32.97300062865397,32.97194675489316,32.970807176059985,32.968351942525395,32.96600575340378,32.963054256147934,32.96042150489294,32.957799380446545,33.077898098420654,33.06755299644569,33.056864517677205,33.0464194809325,33.03645402336318,33.02845695390279,33.01841420747432,33.008786236631465,32.99948838721512
frame_000100.jpg,32.91527230864008,33.04851432889265,676.4755249023438,273.9567565917969,542.0980224609375,272.47235107421875,0.9997745156288147,0.9981221556663513,134.38570095858697,20,detected,detected,ok,32.90691895125708,32.910296759758154,32.912516440378994,32.91451891593748,32.91527230864008,32.916538926282925,32.91681880097781,32.91733210159437,32.91771185411121,33.09081572635581,33.079686399146745,33.069211978214256,33.05843299196718,33.04851432889265,33.039114295925096,33.028489533890244,33.019160762344534,33.01007733148775
frame_000101.jpg,32.99205654256586,33.2765575936931,679.5865478515625,275.1339416503906,543.6961059570312,273.80938720703125,0.9998093247413635,0.9990893602371216,135.8968971049906,20,detected,detected,ok,32.99761458965372,32.99645369824455,32.99502041160552,32.99348093752972,32.99205654256586,32.99055124087674,32.98951514730417,32.98885022914684,32.98817735037489,33.31885993085218,33.30907564544085,33.299181519687956,33.28842681838373,33.2765575936931,33.26548055336772,33.25166858749447,33.238362506553834,33.224442669330955
frame_000102.jpg,33.289066083546324,33.80095970808473,686.4635620117188,281.0826721191406,538.20361328125,278.75299072265625,0.9995110034942627,0.9981421232223511,148.27825131478434,20,detected,detected,ok,33.31541972115943,33.30878958052855,33.3025295513544,33.2951557042572,33.289066083546324,33.28422401248775,33.27913948570165,33.27481368963309,33.27062979013446,33.8552404578601,33.84209621317216,33.829354808366766,33.81520581070974,33.80095970808473,33.787358111159826,33.77166983528474,33.757090681189304,33.74197283700528
frame_000103.jpg,33.37034711118853,33.687600352544855,689.1607055664062,283.3774108886719,549.064453125,282.13323974609375,0.9998990297317505,0.9991714954376221,140.1017769693099,20,detected,detected,ok,33.38602670156506,33.381525342388,33.377928581507796,33.37430484201044,33.37034711118853,33.36652114957763,33.36243568175135,33.35874948874746,33.355070264663745,33.72631086939954,33.71575867639326,33.70675441399995,33.69813075035861,33.687600352544855,33.67748515191253,33.66494978276332,33.65274549537608,33.64032430489176
frame_000104.jpg,33.40111785296212,33.756908336132696,693.34130859375,285.0210876464844,553.6549682617188,284.0752868652344,0.9999104738235474,0.9995461106300354,139.68954225164413,20,detected,detected,ok,33.4241288730412,33.41722919640076,33.411552712052696,33.4061693904072,33.40111785296212,33.396650969060374,33.39150682352996,33.385623394944915,33.37959846447453,33.80560453139585,33.79243235405032,33.78093034182907,33.769344672828915,33.756908336132696,33.743516202881175,33.72717988057738,33.712482594265325,33.69776943433428
frame_000105.jpg,33.44933394503144,33.71810104949812,696.343994140625,290.64239501953125,557.8793334960938,290.5374755859375,0.9993300437927246,0.9996299743652344,138.46470039505644,20,detected,detected,ok,33.4700681327935,33.46498718792244,33.46007023576807,33.45483635570288,33.44933394503144,33.4448780255011,33.43893048250584,33.433785272988956,33.42812342472298,33.76304505262601,33.75237907808758,33.742819637127006,33.730759642938125,33.71810104949812,33.705187432836354,33.69046210217135,33.67638346630938,33.66220825875647
frame_000106.jpg,33.4317796776046,33.621442916952596,699.2596435546875,292.8582763671875,562.1051025390625,293.126708984375,0.9998931884765625,0.9996616840362549,137.15480369741604,20,detected,detected,ok,33.447777519106836,33.44348681769475,33.439896085592146,33.43596730028723,33.4317796776046,33.42852982527609,33.4247757980513,33.42060283572383,33.415370995053095,33.66947555057712,33.65808123384782,33.64604225529143,33.63334204198703,33.621442916952596,33.610742648352,33.598535383911226,33.58698060757496,33.576072714085115
frame_000107.jpg,33.23625606840551,33.473241424270526,705.9662475585938,300.853759765625,559.4334716796875,295.64117431640625,0.9996284246444702,0.9982142448425293,146.62545977368043,20,detected,detected,ok,33.272726830220066,33.26286897314634,33.2535706261994,33.24400987587336,33.23625606840551,33.228656845817014,33.220420850101846,33.21320074981378,33.205845498367246,33.502004133277694,33.49618486278195,33.489728125452615,33.48240872888685,33.473241424270526,33.46459702272845,33.45236089533521,33.439864651807305,33.42534758751016
frame_000108.jpg,33.227107840460256,33.31759874894139,710.7225341796875,298.457275390625,563.59375,293.4123229980469,0.9997236132621765,0.9989782571792603,147.215252874274,20,detected,detected,ok,33.26336941449478,33.255157929974445,33.247051838700436,33.23676566820667,33.227107840460256,33.218325371461646,33.20833677946803,33.1994501788214,33.190353441650956,33.37547549331711,33.36317790857549,33.350691203378354,33.33639595184432,33.31759874894139,33.3014004361554,33.28213688070238,33.26504923239434,33.2486348947411
frame_000109.jpg,33.162677644087346,33.242513684879796,714.3338012695312,292.5917663574219,565.181396484375,287.2771911621094,0.9997366070747375,0.9982951283454895,149.24705880754144,20,detected,detected,ok,33.190339075517706,33.18264630074897,33.176763588583,33.16938285788111,33.162677644087346,33.156082028523095,33.14769354300122,33.140841016452306,33.13385370488248,33.31634030206606,33.29957260763623,33.28193481405113,33.26281613328242,33.242513684879796,33.22523138365772,33.205568958048865,33.18906377721131,33.173320534449516
frame_000110.jpg,33.14656006793695,33.20815292207868,717.0986328125,293.3599548339844,567.227783203125,287.05145263671875,0.9996930360794067,0.9974982142448425,150.00356249972467,20,detected,detected,ok,33.18058247940787,33.172479837638335,33.16500729642463,33.15606601228224,33.14656006793695,33.137963246014124,33.12785570220685,33.118694812306614,33.10937296765095,33.28571396458009,33.26727632116795,33.24797305477788,33.22781400117913,33.20815292207868,33.19170107155998,33.173148571595306,33.15726186112503,33.14218101785703
frame_000111.jpg,33.14530519397789,33.17838015782212,718.0099487304688,293.6523742675781,567.3056030273438,287.0861511230469,0.9996770620346069,0.9962179064750671,150.84732380851437,20,detected,detected,ok,33.1809459366327,33.17375564719959,33.16438719001258,33.155168445331874,33.14530519397789,33.13530268298511,33.123213649338396,33.11286357428136,33.10302490985771,33.25536887124523,33.23645381843029,33.21740569233753,33.197629691224826,33.17838015782212,33.16200299149831,33.14289792536832,33.12642455599122,33.110034388463156
frame_000112.jpg,33.099463167130736,33.145767561983774,718.2302856445312,293.7231140136719,568.8140258789062,287.22540283203125,0.9996840953826904,0.995912492275238,149.5574770212066,20,detected,detected,ok,33.125849211468655,33.12139126841966,33.115187560556926,33.10791748767611,33.099463167130736,33.09165575713449,33.0827956366814,33.07554684976591,33.06831098076453,33.21617173397019,33.19826531703424,33.18103002035923,33.16356560278025,33.145767561983774,33.13040286350132,33.1118032979001,33.09575180478426,33.07967830014801
frame_000113.jpg,33.02989522880337,33.1321513772049,718.9215698242188,291.47857666015625,570.21728515625,285.02349853515625,0.9996302127838135,0.9936872124671936,148.84432240502875,20,detected,detected,ok,33.0509032474403,33.04650582565773,33.04296166215176,33.037519304895135,33.02989522880337,33.02386226981726,33.01652972053055,33.00993540604292,33.003378054894625,33.20969297833473,33.19034580832952,33.171894666939345,33.1522637922866,33.1321513772049,33.11462524034997,33.09454705688909,33.076790145786426,33.05899089711586
frame_000114.jpg,32.99623998518394,33.074823001141354,718.9096069335938,294.95123291015625,573.912841796875,289.0576171875,0.9997751116752625,0.9968473315238953,145.11649322664573,20,detected,detected,ok,33.00339664488789,33.00516394765133,33.00380617987527,33.000163317714694,32.99623998518394,32.99167644806064,32.98695330249819,32.982435578903306,32.977653467344545,33.13437543305107,33.11869917204661,33.10496506481265,33.08961350454639,33.074823001141354,33.06200096286352,33.04720153442229,33.03345707174659,33.01890949043111
frame_000115.jpg,33.060442347185706,33.466062349433294,718.6058959960938,303.1646423339844,578.7705688476562,298.5692138671875,0.9999114274978638,0.9993368983268738,139.91081688527154,20,detected,detected,ok,33.03697376962232,33.04451892057474,33.05078714890159,33.05518900574462,33.060442347185706,33.063252219129865,33.06656790099688,33.06957463328797,33.0721194136331,33.52321053434308,33.50922227856668,33.495837797080725,33.48144858153887,33.466062349433294,33.45126477876295,33.433847303464326,33.41787525918494,33.40216915723805
frame_000116.jpg,33.32100312532541,33.646177212963636,723.0025024414062,312.4406433105469,580.3927001953125,307.0231018066406,0.9999089241027832,0.9991592168807983,142.71266745673458,20,detected,detected,ok,33.33434503846262,33.33096659698491,33.32808939153608,33.324689922975224,33.32100312532541,33.31744649422028,33.31339872916622,33.309199397186894,33.3050069478494,33.679332964539064,33.674012841155864,33.6660640973043,33.65637920713582,33.646177212963636,33.63535009036967,33.62193616871929,33.609098429146265,33.5958254018926
frame_000117.jpg,33.399876377279256,33.67706880369637,726.439453125,315.4197082519531,583.51123046875,310.90936279296875,0.999870777130127,0.999458372592926,142.99937079523798,20,detected,detected,ok,33.43326316483667,33.424316868695776,33.41569894692667,33.40704646334646,33.399876377279256,33.393499074550824,33.38716594537781,33.38217375710533,33.37797351788472,33.697437208174115,33.694063148247686,33.69109891711759,33.68486593595234,33.67706880369637,33.668995853044684,33.65883919166151,33.649027962731815,33.639081194961456
frame_000118.jpg,33.53305056044595,33.71214304435801,731.059326171875,320.225830078125,583.5018920898438,314.91357421875,0.9993402361869812,0.9969171285629272,147.65302711149698,20,detected,detected,ok,33.55784550415878,33.55229152877796,33.546668267462046,33.54005328249458,33.53305056044595,33.52695796248096,33.51926946327427,33.51254312417771,33.50566703318616,33.741676547106344,33.733404372303724,33.72608805190748,33.718509916525576,33.71214304435801,33.70701617016954,33.701035184397924,33.69502982481667,33.68872482733626
frame_000119.jpg,33.545444695330225,33.7092506233014,731.094970703125,323.5704345703125,587.3092041015625,317.6084899902344,0.999542236328125,0.9982239603996277,143.90931679490015,20,detected,detected,ok,33.56781542409546,33.56183839950469,33.556439496898214,33.55101316581342,33.545444695330225,33.54030026947025,33.5335604174897,33.527283936278586,33.52110569290486,33.73707987964851,33.73103225392396,33.724078651354155,33.71650062041343,33.7092506233014,33.70325166938193,33.697157504267295,33.69196049342894,33.68723375430259
frame_000120.jpg,33.5516805137266,33.728641333490835,730.9056396484375,326.95733642578125,588.1177978515625,319.73822021484375,0.99964439868927,0.9979962706565857,142.97021859071359,20,detected,detected,ok,33.564896369444355,33.56090872255371,33.55727990045458,33.554189035124075,33.5516805137266,33.549541865070324,33.547046986583794,33.54340049544008,33.53961861988623,33.76530428122505,33.757115191983246,33.748212944696064,33.73839548812672,33.728641333490835,33.719642242764124,33.70958556529388,33.700945019782004,33.69312310385349
frame_000121.jpg,33.41254930690351,33.55784525885942,730.177490234375,329.26495361328125,589.9016723632812,322.5613098144531,0.9997411370277405,0.9985387325286865,140.43590680301756,20,detected,detected,ok,33.47093151915238,33.45641959128363,33.441658777283045,33.426456971319986,33.41254930690351,33.40112606644479,33.38906781379469,33.37908121291024,33.36954269165338,33.594497790655964,33.58569280899735,33.5776012981568,33.568724484932446,33.55784525885942,33.546354407540434,33.532825239940216,33.517770897056785,33.50258085103864
frame_000122.jpg,33.262162250734946,33.33107474971945,728.9767456054688,328.5685729980469,590.019287109375,323.0798034667969,0.9996620416641235,0.9987965822219849,139.06581845536593,20,detected,detected,ok,33.30294833605498,33.2923710396621,33.282588702870896,33.271883697772786,33.262162250734946,33.25213175524609,33.241174785151564,33.23152993396779,33.22216533474523,33.373957429295245,33.363298284474254,33.35367362211804,33.34237749018749,33.33107474971945,33.32163136939048,33.310582115486284,33.30045133079313,33.2900659394621
frame_000123.jpg,33.05941400393817,33.12640529504062,731.7691040039062,326.63568115234375,597.6293334960938,329.10906982421875,0.9988608360290527,0.9977491497993469,134.16257184256258,20,detected,detected,ok,33.11975089539564,33.103632884395815,33.08785811819502,33.07337720089661,33.05941400393817,33.04862627604701,33.037010731990556,33.02683162875805,33.01796080651548,33.157865630747295,33.14884301778955,33.14055929669157,33.13338193812774,33.12640529504062,33.120121645708714,33.11349657883655,33.10742798775767,33.10128414659509
frame_000124.jpg,33.038235693115844,33.10020953926021,729.98388671875,330.29217529296875,597.6858520507812,332.3096923828125,0.9984320998191833,0.9973649382591248,132.31341712847896,20,detected,detected,ok,33.086209462237015,33.07422750980569,33.06273887188927,33.050310187507534,33.038235693115844,33.028314927142034,33.01812302253374,33.01010922090028,33.00284633355115,33.13104295461387,33.12282566026866,33.11490080041392,33.10674853085441,33.10020953926021,33.093350335615305,33.08688672195596,33.08110201254015,33.07542713459183
frame_000125.jpg,32.974926482924005,33.025993627981535,730.1723022460938,332.57781982421875,597.0098266601562,334.72802734375,0.9981022477149963,0.9976955056190491,133.17983442155366,20,detected,detected,ok,33.01224101947814,33.00240956116205,32.9930192522644,32.98393649055531,32.974926482924005,32.9676905964839,32.95992984038632,32.953999616416006,32.94883797011294,33.05838923371806,33.049755207219164,33.04172369230405,33.033286590624726,33.025993627981535,33.019745578760656,33.012913686890606,33.006599576490316,32.99992657844598
frame_000126.jpg,32.85520698126211,33.002835540996024,728.7537231445312,331.6878967285156,597.6155395507812,333.641845703125,0.9986090064048767,0.9972277283668518,131.15273963155883,20,detected,detected,ok,32.87089418331848,32.86594794143659,32.86210165266181,32.85799391880195,32.85520698126211,32.85280216345367,32.850751969261296,32.8487415519812,32.846491470818094,33.03524284217946,33.026896908646314,33.01918065752353,33.01069446342149,33.002835540996024,32.996023897419484,32.98936672499132,32.983128641055906,32.97738290039282
frame_000127.jpg,32.741802966866565,32.97939748568059,729.4862670898438,330.18243408203125,598.3666381835938,331.98248291015625,0.9989607334136963,0.9980692267417908,131.13198412399754,20,detected,detected,ok,32.73935210460892,32.739738594051374,32.74031184138355,32.7405515204663,32.741802966866565,32.74277325683784,32.744536211022556,32.745885688801486,32.746862743692915,33.00709890280892,32.99954743958411,32.99292307596904,32.985748177204755,32.97939748568059,32.97324017833173,32.966231673989974,32.960293849417745,32.954263281503955
frame_000128.jpg,32.71921546321446,32.95179013068558,729.272216796875,329.57061767578125,598.9329833984375,331.12457275390625,0.9990022778511047,0.9981508851051331,130.34849649795427,20,detected,detected,ok,32.71444615417548,32.71530888446209,32.71625010639408,32.71721934184191,32.71921546321446,32.72046929810424,32.722047466378925,32.723444921324955,32.725136944490465,32.977971362597096,32.97137605042342,32.9648423469961,32.95796889330508,32.95179013068558,32.94593809378213,32.93994164310464,32.93462302208306,32.92997160546734
frame_000129.jpg,32.6974853583238,32.874173408003884,729.3519897460938,328.8432922363281,601.12451171875,330.620361328125,0.9991855025291443,0.998146653175354,128.23979139023092,20,detected,detected,ok,32.69377550857985,32.69323713451462,32.693630917046356,32.695229145568256,32.6974853583238,32.69812200373565,32.699580123669804,32.70186641637497,32.70376923230978,32.886481868075684,32.88354264707581,32.88061930715257,32.87702000789827,32.874173408003884,32.87161086943695,32.86898197716718,32.86735171835043,32.86445484101796
frame_000130.jpg,32.68269728552358,32.887217909798245,728.8093872070312,329.8302307128906,600.3331909179688,331.6439514160156,0.9992671608924866,0.998054027557373,128.48899795583534,20,detected,detected,ok,32.68640836494915,32.68462368241809,32.68348184865248,32.68231471439655,32.68269728552358,32.68237342038684,32.68239691843099,32.68260741252738,32.68322495203223,32.91016623388278,32.90425369781771,32.89825478705695,32.89216822937619,32.887217909798245,32.88281544733807,32.87752677943627,32.87297599770667,32.86870089032599
frame_000131.jpg,32.72024711404938,32.98837933618286,726.7960205078125,334.25787353515625,594.8206176757812,332.4111328125,0.998501181602478,0.9901492595672607,131.9883229834126,20,detected,detected,ok,32.71654369496027,32.71724302411929,32.71786520208352,32.7179695504009,32.72024711404938,32.72145813778293,32.72450667616052,32.72650079962248,32.72744524352218,33.01623129028754,33.010163740430876,33.00332347192557,32.99603045867715,32.98837933618286,32.981526857929964,32.972271420877775,32.96375528239277,32.95514269921367
frame_000132.jpg,32.68829467727276,32.90430333236732,727.2159423828125,330.6461181640625,599.9220581054688,332.2295227050781,0.9991772770881653,0.9975394010543823,127.30373185556773,20,detected,detected,ok,32.68170596414443,32.6817646494678,32.68254684521295,32.68506885607894,32.68829467727276,32.68994737680806,32.692520962545366,32.695507448436764,32.69871242180663,32.92167229690428,32.91764351958408,32.91335108543763,32.90902044212021,32.90430333236732,32.900771879526566,32.897203888985665,32.8942707196814,32.89174395538432
frame_000133.jpg,32.67870453468316,32.84521210029387,726.3040161132812,333.9742126464844,601.1921997070312,334.61773681640625,0.9990881681442261,0.9980176687240601,125.11347140827193,20,detected,detected,ok,32.668490796853554,32.67095921902798,32.67370954438023,32.67583553466872,32.67870453468316,32.6809723220446,32.68452833643582,32.68785869352921,32.691582768562085,32.850966825066436,32.849084151612054,32.84804888600119,32.84651091249494,32.84521210029387,32.84356547616823,32.84252265125673,32.84142471880538,32.84065111721676
frame_000134.jpg,32.659197998466986,32.77554656586694,726.40087890625,335.0213623046875,601.4053344726562,335.5493469238281,0.9989029169082642,0.9977858066558838,124.99665953939953,20,detected,detected,ok,32.6454005664389,32.64904741012528,32.65315605623251,32.65616902714365,32.659197998466986,32.661394543273495,32.66486500384935,32.6684365845844,32.6714377490241,32.77102970405144,32.771675548625225,32.77289581667154,32.77395351529099,32.77554656586694,32.77710728230754,32.779720907499964,32.7820605015563,32.784643451105275
frame_000135.jpg,32.58512519443447,32.77554918506091,726.9013671875,335.946533203125,601.0418090820312,336.5188903808594,0.9986922144889832,0.9978160858154297,125.86085952051484,20,detected,detected,ok,32.56893615209312,32.574152701006035,32.577748984857436,32.581571656598534,32.58512519443447,32.58811551562366,32.591774547483766,32.59534641561383,32.599199645905344,32.77610816721276,32.77559878186217,32.77567931271888,32.77518538832354,32.77554918506091,32.775995029264344,32.77683753392303,32.77771689766203,32.778891597974464
frame_000136.jpg,32.593218409783326,32.76824258608292,727.4520263671875,336.66546630859375,599.8038330078125,337.5788269042969,0.9985566735267639,0.9960585832595825,127.65146100021798,20,detected,detected,ok,32.5777572015892,32.58289613597625,32.587054606538956,32.590246471215586,32.593218409783326,32.5948095812715,32.59705552596039,32.599076861637265,32.601097079750275,32.7752247568339,32.77359700844712,32.77139136936934,32.77005350114531,32.76824258608292,32.766911595430116,32.76535788826909,32.76447096743224,32.764099478464786
frame_000137.jpg,32.50356412769473,32.66312042944922,728.3846435546875,337.6853942871094,600.7965698242188,339.69158935546875,0.9987503290176392,0.9960806965827942,127.603845462838,20,detected,detected,ok,32.479720512028265,32.487048529738296,32.492803653836205,32.49817371548571,32.50356412769473,32.50866659113928,32.514461998853754,32.51983572765655,32.52536351326443,32.66934039818269,32.66703637214427,32.66545535312793,32.664687985264045,32.66312042944922,32.66217850933951,32.661120705659805,32.65947129380687,32.658506332027734
frame_000138.jpg,32.5420135808551,32.724808555810874,732.6843872070312,340.1946716308594,600.4818115234375,341.70660400390625,0.9988886713981628,0.9942544102668762,132.21122099457747,20,detected,detected,ok,32.53503395954003,32.53699389789574,32.53890405877895,32.54053713509449,32.5420135808551,32.54341126443118,32.54507947250816,32.54734317508081,32.54981337377858,32.74539559421335,32.73968905406155,32.734634496162755,32.72895943256969,32.724808555810874,32.72072684812434,32.7162093578781,32.71218432077045,32.70785146503254
frame_000139.jpg,32.982173946397154,33.161510949923574,739.9365234375,343.986572265625,604.366943359375,342.10546875,0.9998118281364441,0.998035728931427,135.58263013010054,20,detected,detected,ok,33.00279430348372,32.99759412384217,32.99239276617647,32.98699239599332,32.982173946397154,32.978390679504336,32.97484455654522,32.97134772233448,32.967638443809996,33.19468255634704,33.18624297383938,33.178862103529504,33.16994563462508,33.161510949923574,33.15321849913388,33.144434759348854,33.136745770079116,33.12883116016428
frame_000140.jpg,33.42929023737823,33.4869950737007,747.82275390625,346.1546630859375,606.6171264648438,344.2730712890625,0.9997469782829285,0.9992343187332153,141.21816316894683,20,detected,detected,ok,33.50634798942241,33.48728243653254,33.468025856713595,33.44849782071442,33.42929023737823,33.412695296225316,33.39489447697402,33.37971061621884,33.36546577780575,33.51826243288187,33.51467867820134,33.507000222454785,33.49716025217845,33.4869950737007,33.47759733659425,33.46676269812098,33.456371560906845,33.44660408931091
frame_000141.jpg,33.54424704928379,33.56302761343976,751.7271728515625,349.4583435058594,613.53125,347.30682373046875,0.9997300505638123,0.9986628293991089,138.21266993347214,20,detected,detected,ok,33.58393169396713,33.57339493229602,33.564429631197704,33.555193122404404,33.54424704928379,33.533520669531065,33.519671286704195,33.507811891910144,33.49631632414727,33.59602989206959,33.58934185474112,33.58291789225967,33.574366720386564,33.56302761343976,33.55099562009833,33.535335240698764,33.52111186686405,33.50775050156701
frame_000142.jpg,33.547017357327576,33.735256955659864,751.5489501953125,352.4814453125,611.0767211914062,348.4044494628906,0.9997672438621521,0.9977617263793945,140.53138089581137,20,detected,detected,ok,33.594485607706396,33.58411718531879,33.57314241999541,33.560514989570855,33.547017357327576,33.534540538910285,33.519009872740746,33.506222864261495,33.4938577500498,33.77016401084482,33.76215634373423,33.75428440680451,33.74600632335391,33.735256955659864,33.72594288858767,33.71439385038971,33.703537892572456,33.692297399776436
frame_000143.jpg,33.53427027154395,33.81307846341181,751.3790893554688,360.0791320800781,609.263916015625,353.3468017578125,0.9998934268951416,0.9983069896697998,142.2745471438301,20,detected,detected,ok,33.57769710381591,33.56848787386649,33.55815125415063,33.54667493679443,33.53427027154395,33.52279020402498,33.50858224895315,33.49430853376657,33.480763547897986,33.84282754810369,33.83551078215268,33.82953003706238,33.822070787602534,33.81307846341181,33.80481397829189,33.79402687600805,33.78380594439283,33.773569410082146
frame_000144.jpg,33.58745638122474,33.83716604669209,749.29150390625,359.59698486328125,609.337890625,355.5714416503906,0.9995469450950623,0.9985514283180237,140.01149548746534,20,detected,detected,ok,33.64464879288165,33.63187053709353,33.619195231735866,33.60413758417273,33.58745638122474,33.57189263259367,33.55287606503688,33.536487222558684,33.520644880294405,33.87962636947926,33.87055263128537,33.860760977093726,33.8498122191827,33.83716604669209,33.826688428408495,33.81405424768778,33.80232721720689,33.79132783813477
frame_000145.jpg,33.703702843214685,33.6547026873627,745.79150390625,359.80291748046875,608.0988159179688,360.3260803222656,0.9991673231124878,0.9985431432723999,137.69368186230335,20,detected,detected,ok,33.75577435801529,33.74307517712037,33.730068911716494,33.71657570561332,33.703702843214685,33.692242491529214,33.676773153547344,33.66207069069188,33.64671444627799,33.72838338248895,33.7145732209592,33.697730944758646,33.67674576314403,33.6547026873627,33.635905290306354,33.613980562057975,33.59551429008478,33.57860259301363
frame_000146.jpg,33.74421185260567,33.88944868779135,733.9893798828125,362.7589111328125,591.9364013671875,363.0734558105469,0.998906135559082,0.9970601201057434,142.05332675975916,20,detected,detected,ok,33.80246137289778,33.787797372465555,33.77339360105479,33.758142006317684,33.74421185260567,33.73228427081481,33.7180534597316,33.70303031598052,33.687312199536834,33.95875678826655,33.942624743281925,33.92531116009066,33.90691094220656,33.88944868779135,33.87385301353952,33.85531750535303,33.837595430762214,33.81808567796604
frame_000147.jpg,33.741018073816676,33.95175673556709,721.7870483398438,366.6308288574219,580.526611328125,366.2666015625,0.9993032217025757,0.9975476861000061,141.26090657455137,20,detected,detected,ok,33.803409050331446,33.788111817344166,33.7727107080946,33.75648770531794,33.741018073816676,33.72646117982112,33.70793605179699,33.690681049944985,33.67406593332235,34.01834708307477,34.00308155555315,33.98755489029099,33.9703128022785,33.95175673556709,33.93544241890516,33.91615486355719,33.897636635340255,33.87966466938849
frame_000148.jpg,33.648185398891705,33.50944081230581,719.5403442382812,366.91754150390625,581.48046875,368.7549133300781,0.9992576241493225,0.9990060925483704,138.07210129156192,20,detected,detected,ok,33.70754182412533,33.694396200668585,33.681120969238094,33.665235740822524,33.648185398891705,33.63299167223346,33.615058193417326,33.5986235255953,33.58222191507301,33.59389787108481,33.57155455364451,33.550439203857835,33.529926336274386,33.50944081230581,33.49228446948426,33.47223014696606,33.454459872019534,33.4376574119464
frame_000149.jpg,33.31653198358188,33.21022592871126,708.9768676757812,368.588623046875,569.0922241210938,369.51092529296875,0.9994850158691406,0.999283492565155,139.88768403206598,20,detected,detected,ok,33.38001280282679,33.36274309254098,33.34693946051097,33.331184011849466,33.31653198358188,33.3023993472427,33.28473460471298,33.26873599620953,33.25442108127695,33.306944921702076,33.281555885060165,33.257117474046716,33.23311298286107,33.21022592871126,33.190930125408485,33.17049522033749,33.15349730935271,33.13720836969347
frame_000150.jpg,33.115803483693,33.101341385809256,703.3770751953125,365.1181640625,563.2096557617188,366.1415710449219,0.9995412826538086,0.99947589635849,140.1711554940055,20,detected,detected,ok,33.19577115653441,33.178708740281856,33.157933835371026,33.13585992700347,33.115803483693,33.09828204945219,33.078987579780716,33.0617141408664,33.045235259632115,33.1666950187921,33.149425802746265,33.13289528866617,33.11672188372151,33.101341385809256,33.08829215008351,33.07307622374574,33.059429877563495,33.04618026384964
frame_000151.jpg,32.96226229293447,33.092690979499935,699.1632080078125,365.4286804199219,562.3452758789062,366.92449951171875,0.99965500831604,0.9995751976966858,136.82610871754477,20,detected,detected,ok,33.0052356441772,32.99473195439851,32.98490843048514,32.97332562083562,32.96226229293447,32.95290568113439,32.942479079241686,32.93316578268242,32.9234118889267,33.146020530291345,33.13220745838291,33.11904795425914,33.10538630675498,33.092690979499935,33.08103243216116,33.06773388386591,33.054771162308604,33.041622974178615
frame_000152.jpg,32.93997966206611,32.93533687568248,699.1905517578125,375.9529724121094,561.8195190429688,376.595947265625,0.9993484616279602,0.9991058707237244,137.3725374512858,20,detected,detected,ok,32.999562881428055,32.98286608395473,32.96829880000194,32.95343418228635,32.93997966206611,32.92840040489757,32.91592555676252,32.90483287179765,32.89389502350432,32.99098304912119,32.9763344078126,32.961874188261795,32.9478174309316,32.93533687568248,32.92440708814434,32.9121805263373,32.900739409105306,32.88959577602875
frame_000153.jpg,32.808389426575935,33.05658950841841,697.917724609375,384.5490417480469,552.4545288085938,379.1095275878906,0.9995092153549194,0.9990923404693604,145.56486405336614,20,detected,detected,ok,32.84956062439173,32.83758955349518,32.82722478925687,32.81750346372473,32.808389426575935,32.8014581463195,32.793380566486334,32.78619300772338,32.77921763972851,33.13543093672801,33.11671365448064,33.09796594912353,33.07749585455663,33.05658950841841,33.03866012312221,33.01848909700331,33.00088929966084,32.983456309901094
frame_000154.jpg,32.80053530686709,33.28800715452152,695.9785766601562,384.17437744140625,552.3934936523438,380.4857177734375,0.999309778213501,0.9989025592803955,143.63245549842316,20,detected,detected,ok,32.81797733085765,32.81354330178878,32.80971070735787,32.80515582684356,32.80053530686709,32.796443904020514,32.79166442849523,32.78678930570465,32.78203440562347,33.34190144888994,33.328959350491914,33.31595854824811,33.30168814510154,33.28800715452152,33.27615155692354,33.261577987264204,33.24865727842542,33.23511820521882
frame_000155.jpg,33.16991656190243,33.35712399029312,693.5453491210938,388.6836853027344,554.899169921875,389.2906188964844,0.9995284080505371,0.9975583553314209,138.64750764052377,20,detected,detected,ok,33.21448868627506,33.20239614372766,33.19135485903336,33.17994223571488,33.16991656190243,33.1614644559087,33.15247540636838,33.1448356526226,33.13750687823673,33.40060277085973,33.38942107357744,33.37899735975566,33.36847905250072,33.35712399029312,33.346777165595164,33.33336597837311,33.32093190269544,33.30878250624118
frame_000156.jpg,33.30031834867572,33.59150476893666,690.961181640625,400.51446533203125,545.1474609375,399.56060791015625,0.9987378716468811,0.9946249127388,145.81684055440994,20,detected,detected,ok,33.35410205537383,33.339718497656335,33.32594244183206,33.31268012472726,33.30031834867572,33.28969504172457,33.27791432033344,33.26715381043198,33.257562476508745,33.63293239617747,33.62488899656218,33.61617622595456,33.60485594651266,33.59150476893666,33.57715154453988,33.55921673647753,33.54251115193174,33.5256892403305
frame_000157.jpg,33.40817493589881,33.606088098057725,691.3878173828125,409.5733947753906,543.91748046875,408.20367431640625,0.9988377690315247,0.993243396282196,147.4766978328538,20,detected,detected,ok,33.42319484804711,33.42074632519802,33.41842123513218,33.4156248187946,33.40817493589881,33.40111904248347,33.39129547824534,33.383896506291414,33.37666403521883,33.65274641393769,33.64277831469344,33.63221548928856,33.62003116212512,33.606088098057725,33.59382865749043,33.57756143028693,33.56116285433462,33.54432772965016
frame_000158.jpg,33.39967091204829,33.38349329224735,689.514404296875,409.2894287109375,552.6295166015625,410.7771911621094,0.9999191761016846,0.9995157718658447,136.89297248752192,20,detected,detected,ok,33.429443170323786,33.42623296441478,33.420199022935456,33.41110042596132,33.39967091204829,33.39019827567806,33.379575025485416,33.37055953314075,33.3615032797285,33.44668873907232,33.43103514676385,33.41609570800584,33.39976656613138,33.38349329224735,33.36951489324792,33.35353560217051,33.33944325845172,33.32607450106727
frame_000159.jpg,33.36976476939242,33.66813164332246,690.0121459960938,412.95489501953125,540.5696411132812,409.98040771484375,0.9993473887443542,0.9991167187690735,149.47210388689652,20,detected,detected,ok,33.37115481018289,33.37278828799544,33.373124390934535,33.37227908666762,33.36976476939242,33.36563114422838,33.35957982514708,33.35403872473486,33.34858198954211,33.719044488578916,33.70641399835179,33.69360108048127,33.68050965154318,33.66813164332246,33.65789483410547,33.645317324054965,33.631403466374856,33.61478268469184
frame_000160.jpg,33.37973349984037,33.66621853414121,689.64892578125,414.66864013671875,539.8101806640625,411.09844970703125,0.9993157386779785,0.9988216757774353,149.8812723391342,20,detected,detected,ok,33.37728708906637,33.37872683349807,33.380081311063826,33.380996698132726,33.37973349984037,33.37602145534046,33.36954425669259,33.36385320600624,33.358404535329754,33.714255870595345,33.702389389842985,33.690558095734275,33.67830353607997,33.66621853414121,33.656732333849114,33.64482140725253,33.63251149220509,33.61819941065703
frame_000161.jpg,33.328171229012206,33.548549012338185,690.2938842773438,418.0319519042969,540.4590454101562,413.1552429199219,0.9990314245223999,0.9978485107421875,149.91417954574652,20,detected,detected,ok,33.341170613047446,33.34039721957667,33.338348599851344,33.33404852964472,33.328171229012206,33.32352633125189,33.31551892489153,33.30835897542419,33.30123747946154,33.57928390768569,33.570012251274456,33.56223832147434,33.555448909308886,33.548549012338185,33.541346591619764,33.5301554671573,33.518607931906395,33.50471651584494
frame_000162.jpg,33.098067198697116,33.38425561473817,689.753173828125,417.7826232910156,541.6062622070312,414.16644287109375,0.9994055032730103,0.9993293285369873,148.191039485178,20,detected,detected,ok,33.1246837164596,33.11994507045731,33.11337419695989,33.10546174511051,33.098067198697116,33.090962779574426,33.08179108377768,33.073316585529305,33.064171094245694,33.423398718707155,33.417059099465305,33.40724250243155,33.39623377406518,33.38425561473817,33.372785116513846,33.357605178981736,33.34431570001866,33.33004708413891
frame_000163.jpg,33.009546014586334,33.247651438701936,686.7835083007812,424.4476623535156,544.988037109375,421.5870666503906,0.9994980096817017,0.9993817806243896,141.82432322478982,20,detected,detected,ok,33.03451680872666,33.028782759041626,33.0234533062717,33.01663059344696,33.009546014586334,33.00281555398229,32.99443494990953,32.9873129732214,32.97990437752143,33.3177923987041,33.300963776620925,33.283548642828976,33.26554271250025,33.247651438701936,33.232424935013626,33.214846894736574,33.19974189471398,33.18490124323371
frame_000164.jpg,32.91483822576128,33.17264317503018,682.9885864257812,421.9308166503906,547.9702758789062,422.2321472167969,0.99956876039505,0.999158501625061,135.01864679755397,20,detected,detected,ok,32.93834837678809,32.93251548891563,32.92676232371745,32.92079536632141,32.91483822576128,32.909826629686485,32.90476663168993,32.900535952203185,32.89612385102147,33.235950510964926,33.21871679574874,33.20345316285571,33.1881408867283,33.17264317503018,33.15806322621474,33.14016152794993,33.12428492696919,33.109716251694095
frame_000165.jpg,32.839418501171835,33.17268523097694,681.1203002929688,424.4293518066406,545.1052856445312,424.37640380859375,0.9996113181114197,0.9987441301345825,136.0150249542497,20,detected,detected,ok,32.85624219575659,32.85201311311365,32.847258459251215,32.843451704553615,32.839418501171835,32.836006604656355,32.832453483682926,32.829680145488204,32.82685495006785,33.2548559344959,33.23452836541335,33.214662156662655,33.19383630074877,33.17268523097694,33.15452734649712,33.133003325080985,33.11430337241685,33.096697964654716
frame_000166.jpg,32.87151421711329,33.07475808821258,682.8701171875,426.81103515625,546.535888671875,428.5635681152344,0.9993464350700378,0.9992610812187195,136.3454921760268,20,detected,detected,ok,32.89176189144795,32.88732364754739,32.88236632589251,32.876701413560085,32.87151421711329,32.86650172791644,32.8609939302461,32.85485213706851,32.84945856134025,33.13980909222939,33.12346512994231,33.1081641691759,33.09137285048775,33.07475808821258,33.06004974111374,33.04401849488105,33.03026115190851,33.01720066751823
frame_000167.jpg,33.275870793768696,33.241834803619874,680.14453125,429.6285095214844,541.66015625,430.5869445800781,0.9996092915534973,0.9984641075134277,138.48769157185836,20,detected,detected,ok,33.32046336994534,33.31098344978816,33.30064599253676,33.28756239022333,33.275870793768696,33.26474848738016,33.252214824475566,33.24054816148808,33.228509405280924,33.29942318241699,33.28508368717141,33.27089431705111,33.25609239533457,33.241834803619874,33.23000640522192,33.21727585278965,33.2060150775202,33.195508586861635
frame_000168.jpg,33.361611893201754,33.59064739598165,672.43994140625,437.19482421875,527.3763427734375,436.13079833984375,0.9993409514427185,0.9984789490699768,145.06750083796405,20,detected,detected,ok,33.40662687421779,33.394845602629594,33.38347941991214,33.37225299516524,33.361611893201754,33.35248595354616,33.34144635107753,33.33171378981617,33.322338373919074,33.62660244682184,33.61785670627393,33.60932996770194,33.60034829337452,33.59064739598165,33.57990336195546,33.563936156625466,33.54675724799016,33.52865272438852
frame_000169.jpg,33.45855288186963,33.65958813195155,670.1026611328125,446.33782958984375,524.4722900390625,442.5265808105469,0.9998549222946167,0.9997596144676208,145.6802340819132,20,detected,detected,ok,33.47353694287365,33.46928942483206,33.46592834918971,33.46289903099202,33.45855288186963,33.454410400177416,33.44800982963518,33.441561191716566,33.43509407650561,33.699784707260456,33.688601287078455,33.678473226703154,33.66879037744487,33.65958813195155,33.65119321409401,33.638221875653514,33.62441061415395,33.60945528593656
frame_000170.jpg,33.505472303117635,33.67245026403618,669.449462890625,450.3973693847656,525.291748046875,447.456787109375,0.9998763799667358,0.999782383441925,144.18770326588285,20,detected,detected,ok,33.52668180740631,33.52081654312908,33.51534460659716,33.51011160488915,33.505472303117635,33.50175018297206,33.49714577594603,33.49174844783987,33.48604724017394,33.71092519429495,33.70040420373891,33.69072571819542,33.68163760701058,33.67245026403618,33.66402410058038,33.652264275339114,33.638611176534646,33.62314471715081
frame_000171.jpg,33.539875503449124,33.795876793135854,668.7807006835938,454.1852111816406,527.3609008789062,451.9250183105469,0.9998828172683716,0.9997156262397766,141.43786002556894,20,detected,detected,ok,33.56383273862656,33.55661080880377,33.55048464560604,33.544861862056884,33.539875503449124,33.53557471406266,33.53063053820818,33.5262863245306,33.52049215989373,33.853143309070425,33.83950567262231,33.82545513969486,33.810542116007994,33.795876793135854,33.78459534236253,33.771188492186006,33.75734146418463,33.74275585285682
frame_000172.jpg,33.55453713496873,33.82910512734842,669.1558227539062,458.8431396484375,527.4677124023438,457.59967041015625,0.9998775720596313,0.999657392501831,141.6935666526293,20,detected,detected,ok,33.58075853828161,33.57250208740589,33.565487052477216,33.55929112013937,33.55453713496873,33.551016558135835,33.54574108175445,33.54011312164262,33.53360545101398,33.87407228700971,33.86319448545639,33.8537149096309,33.84262742323798,33.82910512734842,33.817127800923906,33.80282253174549,33.78924737561696,33.77425010936548
frame_000173.jpg,33.450043159626,33.70907162545298,669.3203125,461.3804016113281,526.3949584960938,459.1923522949219,0.9998782873153687,0.9991637468338013,142.94210148501716,20,detected,detected,ok,33.492927810698426,33.482550673572,33.47226782702302,33.460935369642684,33.450043159626,33.439930347403,33.4284848062204,33.41782779490901,33.40764258558045,33.773545826813624,33.758534147603974,33.742931778666474,33.72597879450557,33.70907162545298,33.694204090599214,33.673925342830856,33.65433411925484,33.63419358895604
frame_000174.jpg,33.40472631618935,33.55510815195867,670.6336669921875,462.5060119628906,526.41455078125,460.7566833496094,0.9998830556869507,0.9994385838508606,144.2297251999779,20,detected,detected,ok,33.44328212255916,33.435222141779875,33.42676159538501,33.4167254848171,33.40472631618935,33.39424446229423,33.382705363422325,33.37297085823533,33.36358850723944,33.61044657666403,33.59736603207686,33.58382470580605,33.56961405051198,33.55510815195867,33.541763149614106,33.5252034915925,33.50968631113103,33.49526217856749
frame_000175.jpg,33.3387875047959,33.51398523364579,670.9442138671875,462.31103515625,526.2476196289062,460.22076416015625,0.9998893737792969,0.999559223651886,144.71169136249813,20,detected,detected,ok,33.3791653590905,33.3696035622115,33.359969296850046,33.349178724187155,33.3387875047959,33.32870142200158,33.317538135913644,33.308155259765826,33.2989289527513,33.5615947145968,33.549679605244044,33.53814697473516,33.52683373047425,33.51398523364579,33.5019884376986,33.487004034923494,33.47289503902585,33.45894006083455
frame_000176.jpg,33.3307853067637,33.45827116438319,671.126220703125,463.2557678222656,526.5861206054688,460.843505859375,0.9998388290405273,0.9994348883628845,144.5602280851068,20,detected,detected,ok,33.374119584833615,33.364173142566635,33.354017434758816,33.34241685790898,33.3307853067637,33.31977818227382,33.307226964978014,33.29649698612277,33.28572051443418,33.492579298785394,33.485335862962756,33.4784378403664,33.469310594136424,33.45827116438319,33.44746918594045,33.43422458605093,33.42211200936158,33.409132985951494
frame_000177.jpg,33.30314868467705,33.46079723676054,671.5706176757812,461.9544982910156,526.26806640625,459.19549560546875,0.9998595714569092,0.9995449185371399,145.3287428599505,20,detected,detected,ok,33.349136791964824,33.33705625967764,33.32653196291075,33.31452510265031,33.30314868467705,33.29218464575076,33.27988523578404,33.26901079196818,33.25892096825394,33.50403429849931,33.49416869755193,33.48469526930343,33.472549456519445,33.46079723676054,33.44953291099859,33.435671344525495,33.42235020090388,33.40811394845509
frame_000178.jpg,33.42218532681335,33.62937065695406,670.4193115234375,460.4499206542969,523.1712036132812,458.68048095703125,0.9998565912246704,0.9997662901878357,147.2587389595717,20,detected,detected,ok,33.45092906448141,33.445630221383944,33.43961065397571,33.43135729533089,33.42218532681335,33.41445359580609,33.40506917831735,33.39677155265303,33.38836133747838,33.67764201080689,33.6660176983912,33.65385267404239,33.64168760900429,33.62937065695406,33.618695517158784,33.60303778664792,33.58782547961618,33.571697827044225
frame_000179.jpg,33.59789480518566,33.68182676043338,668.5204467773438,458.4820251464844,522.0733642578125,457.38616943359375,0.999852180480957,0.9997699856758118,146.45118257708222,20,detected,detected,ok,33.637530049784175,33.628005716156224,33.619058107006175,33.60875912715694,33.59789480518566,33.587909957179654,33.57582414790178,33.56423948016676,33.552402385908536,33.72947973418273,33.718342381739156,33.70643643440195,33.694506406169026,33.68182676043338,33.67071433367799,33.655962303049556,33.6414635168285,33.6261224900872
frame_000180.jpg,33.5810149117897,33.725837678617786,668.2401733398438,460.9135437011719,520.3607788085938,458.08978271484375,0.9998986721038818,0.9996927976608276,147.90635196987654,20,detected,detected,ok,33.606294824527225,33.599696290408474,33.59348423309933,33.58707962795339,33.5810149117897,33.57491862722971,33.56657121231925,33.55810617105909,33.54940093796167,33.77939364026746,33.767801759974475,33.75520700670439,33.740999560817755,33.725837678617786,33.71299909435765,33.6982720356,33.68526511882047,33.672438511013276
frame_000181.jpg,33.65689258871851,33.782903079300944,667.6766357421875,460.33056640625,519.0457153320312,458.4903259277344,0.9998880624771118,0.9997044205665588,148.64231223641863,20,detected,detected,ok,33.68518277466072,33.67757142869384,33.67109421161669,33.6646644983486,33.65689258871851,33.64867606744654,33.638341485305645,33.628296736283815,33.618192230210624,33.841070702233544,33.827756990621516,33.81431116950312,33.79878532443109,33.782903079300944,33.76924332272603,33.75367765387237,33.74054315362824,33.72804460333648
frame_000182.jpg,33.650107667619665,33.80916890531191,667.0979614257812,459.9983215332031,518.7442016601562,458.0989074707031,0.9999117851257324,0.999748170375824,148.36591862815933,20,detected,detected,ok,33.68257266757691,33.67430110132787,33.667098004663615,33.659042612968314,33.650107667619665,33.64117262601532,33.62933025101295,33.61899914755298,33.608922077757676,33.855097185275774,33.84477859394284,33.83432466451761,33.82228499487331,33.80916890531191,33.79750015932384,33.78343028651244,33.770457396285316,33.75759131076822
frame_000183.jpg,33.65112158380331,33.816406441073816,666.7595825195312,459.83795166015625,518.6016845703125,458.1190185546875,0.9999033212661743,0.9997349381446838,148.16786917463648,20,detected,detected,ok,33.68427719593264,33.67541761248811,33.66728887741888,33.65922137497766,33.65112158380331,33.642359995540424,33.63018697913113,33.61911135642953,33.6084338530558,33.86119479277166,33.851023145251375,33.84065772146409,33.82907082696234,33.816406441073816,33.80545476926611,33.79185583321137,33.778853978422745,33.76611196939093
frame_000184.jpg,33.61234796056277,33.66704767323761,666.857177734375,460.8716125488281,519.784912109375,459.07843017578125,0.9999011754989624,0.9996604919433594,147.083196929811,20,detected,detected,ok,33.66176906004291,33.649076115923094,33.63704792654362,33.62455261183606,33.61234796056277,33.60030148748846,33.584328310563826,33.57012868464047,33.55709923258743,33.72395113705456,33.709827399726066,33.69573553780583,33.6816875299966,33.66704767323761,33.65509435232738,33.641011698367876,33.62858444785417,33.61603994966445
frame_000185.jpg,33.520528488691426,33.61165268582423,667.1259765625,460.18316650390625,520.6289672851562,457.7939453125,0.9999207258224487,0.9996662139892578,146.51649089814978,20,detected,detected,ok,33.57093538464895,33.559610955692705,33.54886475236638,33.53512844256881,33.520528488691426,33.508504223191714,33.49365239870477,33.48070867766034,33.46849403663916,33.66597977397427,33.65165802607593,33.6382232511673,33.624848744479294,33.61165268582423,33.60060456495075,33.587390249005416,33.57527883369062,33.56185960336389
frame_000186.jpg,33.49400202602693,33.575568055758346,666.9691162109375,460.4917297363281,520.9523315429688,458.32305908203125,0.9999102354049683,0.9996758699417114,146.03288854630918,20,detected,detected,ok,33.54547175181404,33.53379942651181,33.521396580815654,33.507430914218574,33.49400202602693,33.482597116202065,33.46849836967255,33.45616206459039,33.444698431815524,33.61508704813927,33.60573686802342,33.59587076499115,33.585929663763004,33.575568055758346,33.56752062362904,33.55694614367024,33.54755241049064,33.53689208803756
frame_000187.jpg,33.51409614000621,33.739118763956625,667.7171020507812,460.1074523925781,520.8033447265625,458.16619873046875,0.9999179840087891,0.9997612833976746,146.92658219975067,20,detected,detected,ok,33.55449504691732,33.546173858693535,33.53707636301131,33.52621211370369,33.51409614000621,33.50327741005359,33.48965066018826,33.477354318341355,33.4655210941161,33.80134114800024,33.78699347954634,33.772370214099816,33.75594240700653,33.739118763956625,33.72455514627434,33.707271715605394,33.692005086581986,33.6753301530484
frame_000188.jpg,33.589290037345414,33.7509250420212,669.3936157226562,461.59228515625,521.0169067382812,459.6793212890625,0.9999334812164307,0.9998347759246826,148.38904002584246,20,detected,detected,ok,33.60843393284013,33.60274964460196,33.59759989978741,33.5931561018909,33.589290037345414,33.58525858099654,33.57921607463818,33.572586251042814,33.56489244080699,33.8079255744868,33.795406776547104,33.78201399229735,33.766983254592894,33.7509250420212,33.737298158991166,33.72138635968008,33.70707929213739,33.692327629772244
frame_000189.jpg,33.63101755984631,33.80010932584032,669.440185546875,462.4383850097656,521.1810302734375,460.52044677734375,0.9999256134033203,0.9998295307159424,148.27156035280885,20,detected,detected,ok,33.6516750903756,33.64584201905153,33.640250770450024,33.63534006486148,33.63101755984631,33.62684377487826,33.62160840534139,33.61534257898588,33.60794943317312,33.85285906456152,33.84264686565858,33.8309388007669,33.81623568493422,33.80010932584032,33.786087167134156,33.769066569084764,33.7544262983016,33.73986152090015
frame_000190.jpg,33.66083769833549,33.81487002794067,670.2655029296875,462.978515625,521.1088256835938,461.2245178222656,0.9999167919158936,0.9998353719711304,149.16698989852742,20,detected,detected,ok,33.68569658686639,33.679469246937046,33.67333313571739,33.666906812413,33.66083769833549,33.65584500648534,33.650289749328536,33.6447864288654,33.63853705842206,33.87627789133755,33.86373301764973,33.84979361076735,33.833289173813334,33.81487002794067,33.79914386861733,33.78017219050335,33.76335980851569,33.74693894821599
frame_000191.jpg,33.51502239799461,33.67584922522054,669.9375,462.9919738769531,520.114990234375,461.01019287109375,0.9998997449874878,0.9998095631599426,149.83561622133098,20,detected,detected,ok,33.53226048122749,33.52766145755833,33.52308755436729,33.519045494422194,33.51502239799461,33.51140680494568,33.507434988994454,33.50248948765692,33.49602574534387,33.71912829779672,33.70933868111762,33.69950450601985,33.68850095367276,33.67584922522054,33.66445517660141,33.65015896007994,33.63777558933799,33.62612794948858
frame_000192.jpg,33.51502239799461,33.67584922522054,669.9375,462.9919738769531,520.114990234375,461.01019287109375,0.9998997449874878,0.9998095631599426,149.83561622133098,20,detected,detected,ok,33.53226048122749,33.52766145755833,33.52308755436729,33.519045494422194,33.51502239799461,33.51140680494568,33.507434988994454,33.50248948765692,33.49602574534387,33.71912829779672,33.70933868111762,33.69950450601985,33.68850095367276,33.67584922522054,33.66445517660141,33.65015896007994,33.63777558933799,33.62612794948858
frame_000193.jpg,33.484405506388555,33.571272104389436,669.8917846679688,463.9606628417969,519.6731567382812,462.1064453125,0.9998977184295654,0.9997327923774719,150.230071223187,20,detected,detected,ok,33.4938145981826,33.49165043428875,33.488953449753694,33.48659348603222,33.484405506388555,33.48218760538514,33.479594386044546,33.4766154278601,33.47250911554512,33.60045686481433,33.59383283990942,33.58670792330088,33.579337432344865,33.571272104389436,33.56469386233942,33.555806708849325,33.547841270556745,33.54035000796373
frame_000194.jpg,33.4711433553492,33.5635217719056,668.907470703125,463.3525085449219,520.2484130859375,461.4909362792969,0.9998999834060669,0.9997796416282654,148.67071286211825,20,detected,detected,ok,33.48057754294119,33.478250973249935,33.476094907497476,33.47319396373893,33.4711433553492,33.46908574457349,33.46591348271948,33.46043659220377,33.45379679605059,33.59456618556313,33.58683661880948,33.5793901473445,33.571670054605846,33.5635217719056,33.55689900161484,33.547613958437715,33.53959741746264,33.53194198111503
frame_000195.jpg,33.467565686101196,33.515491369703106,668.8570556640625,463.8238220214844,520.026123046875,461.6848449707031,0.9999047517776489,0.9996448755264282,148.84630236094404,20,detected,detected,ok,33.474857982943895,33.47365237175103,33.47174911515833,33.469248511884004,33.467565686101196,33.465930386526814,33.46405028784907,33.46135609460181,33.456531595037795,33.52810346070566,33.52590079332244,33.52302743984197,33.5197590200575,33.515491369703106,33.511779970661536,33.50587804512978,33.49996022626954,33.49352825007771
frame_000196.jpg,33.533255865666284,33.773677211601075,668.569580078125,464.3640441894531,522.5450439453125,462.2857360839844,0.9999074935913086,0.9998401403427124,146.03932524284107,20,detected,detected,ok,33.53600120423826,33.53536254076937,33.53446375225938,33.53373187197257,33.533255865666284,33.5324875105347,33.53113997134539,33.528379802542524,33.524102434120216,33.80982855998425,33.80325070115768,33.795954505921095,33.78552473104583,33.773677211601075,33.76292689581042,33.74916666347075,33.73619355165122,33.72320001160338
frame_000197.jpg,33.562161362215996,33.804798561242904,666.7279663085938,461.50640869140625,520.8157958984375,460.2939758300781,0.9999178647994995,0.9998074173927307,145.91720757760444,20,detected,detected,ok,33.58035227885398,33.57519240388708,33.570409268832044,33.56571762925934,33.562161362215996,33.558813660241384,33.55384012630127,33.547579672755184,33.541232526859915,33.849296816987746,33.840343033261995,33.82996512368408,33.81817359461105,33.804798561242904,33.79237919662771,33.776485608797614,33.76122666807066,33.74600796053522
frame_000198.jpg,33.748840958675096,33.82971823207274,667.783203125,462.45703125,520.6432495117188,460.96746826171875,0.9999167919158936,0.9998342990875244,147.147493173396,20,detected,detected,ok,33.791913869962016,33.780113926066726,33.76877207605066,33.758351318106016,33.748840958675096,33.74169893190084,33.73376843346147,33.72655954035833,33.719680714013684,33.86787127214185,33.86137048410358,33.85260665927096,33.84187319013756,33.82971823207274,33.818058417690594,33.80240159576157,33.78700141847573,33.771231988599325
frame_000199.jpg,33.77077741703573,33.82358941027544,668.0422973632812,461.9511413574219,520.6040649414062,460.733154296875,0.9998986721038818,0.9998165965080261,147.44326323086617,20,detected,detected,ok,33.81774067700755,33.805155727659226,33.79318873144679,33.781852787000986,33.77077741703573,33.762080498819124,33.75264797228192,33.744782869588384,33.7371187834932,33.85929288017298,33.85184794914422,33.84345098340881,33.83393138637568,33.82358941027544,33.813566314029806,33.80068590047054,33.78795726267292,33.774356906308796
frame_000200.jpg,33.75079787375424,33.81427239526817,667.043701171875,461.4273986816406,520.9942626953125,460.4504699707031,0.9998859167098999,0.9998169541358948,146.052705791524,20,detected,detected,ok,33.80265935631294,33.78905667591112,33.7762747210294,33.76338872052604,33.75079787375424,33.74016984389733,33.72776857279748,33.716046119931505,33.704326697136196,33.85103756854403,33.84354472481344,33.83503624933208,33.825121903387796,33.81427239526817,33.804011195492606,33.79064677130016,33.77802157183385,33.76501491513023
frame_000201.jpg,33.605896500854705,33.650591355904595,666.8392333984375,461.63421630859375,520.60107421875,460.7813415527344,0.9998176693916321,0.9998005032539368,146.240646181603,20,detected,detected,ok,33.640190562212005,33.631175220992986,33.622497803776916,33.61406505462222,33.605896500854705,33.59869383110429,33.59020572877991,33.58179469558299,33.57305164089916,33.667731013201,33.664778718080456,33.66135296732835,33.657096202674325,33.650591355904595,33.64415751373025,33.63580189240446,33.627604515706,33.6189723050518
frame_000202.jpg,33.532563064642225,33.56500539518971,665.718505859375,459.3099365234375,524.1742553710938,459.66558837890625,0.9997435212135315,0.9995867609977722,141.54469730276583,20,detected,detected,ok,33.56129156625029,33.55432075984609,33.54738465673515,33.54007390696839,33.532563064642225,33.5257389839249,33.51586280014669,33.50551862946397,33.49505370303587,33.58783026757853,33.5829773792878,33.57762006037842,33.57145463979988,33.56500539518971,33.559244106700085,33.55093549968484,33.54244175219541,33.532650217027054
frame_000203.jpg,33.51104725137993,33.575897392324556,665.0217895507812,459.0673522949219,522.212158203125,458.917236328125,0.9997047781944275,0.999531626701355,142.80971024568663,20,detected,detected,ok,33.54230539581671,33.53452783769521,33.527332778164165,33.519853904506434,33.51104725137993,33.50289415324646,33.49209815691234,33.48208708069114,33.471963076832644,33.61118984142456,33.6028875264677,33.59364032298202,33.584558038294354,33.575897392324556,33.568178000780435,33.55778531871632,33.54817235099915,33.53724509853142
frame_000204.jpg,33.63273884071398,33.752798759891476,663.9308471679688,459.34149169921875,521.7349853515625,459.2523498535156,0.9997604489326477,0.9996347427368164,142.19588975768306,20,detected,detected,ok,33.65054884928179,33.645446284677185,33.64145194647886,33.63728186894627,33.63273884071398,33.627306058619546,33.6197956767252,33.612359406137436,33.604229181360424,33.78574371264047,33.777943365142534,33.76993066043645,33.761571629023365,33.752798759891476,33.745133812770405,33.73439238847551,33.72385580105458,33.71306219688246
frame_000205.jpg,33.75389452728947,33.74856693948253,663.8084716796875,462.5802307128906,521.5424194335938,460.4952697753906,0.9999067783355713,0.9995647072792053,142.2813293577171,20,detected,detected,ok,33.78251688062672,33.77559709482549,33.769020453202465,33.7614926366931,33.75389452728947,33.74693491451445,33.73905639213487,33.73239609986473,33.72599035158415,33.78292770102242,33.77388976377546,33.765534150374826,33.757126209680685,33.74856693948253,33.74128097944964,33.731890018466096,33.721418207405954,33.70991328747922
frame_000206.jpg,33.75389452728947,33.74856693948253,663.8084716796875,462.5802307128906,521.5424194335938,460.4952697753906,0.9999067783355713,0.9995647072792053,142.2813293577171,20,detected,detected,ok,33.78251688062672,33.77559709482549,33.769020453202465,33.7614926366931,33.75389452728947,33.74693491451445,33.73905639213487,33.73239609986473,33.72599035158415,33.78292770102242,33.77388976377546,33.765534150374826,33.757126209680685,33.74856693948253,33.74128097944964,33.731890018466096,33.721418207405954,33.70991328747922
frame_000207.jpg,33.7695242743111,33.80953509238515,663.0615844726562,462.8031311035156,520.148193359375,459.9189147949219,0.9999170303344727,0.9994391798973083,142.94249215405634,20,detected,detected,ok,33.80029556251148,33.79319859267146,33.78545335077902,33.77748745326529,33.7695242743111,33.76247056516595,33.754834687977805,33.747879890519386,33.74135882879629,33.850773611401564,33.84078756109241,33.83065036941255,33.820376355907435,33.80953509238515,33.800184881749324,33.78971061910068,33.78049040566443,33.77012004539555
frame_000208.jpg,33.58541986689865,33.71327945388555,662.5128173828125,462.999755859375,519.5328369140625,460.22552490234375,0.999910831451416,0.9992316961288452,143.00689204456924,20,detected,detected,ok,33.60826565165286,33.60229774272901,33.596839215739195,33.59120793070731,33.58541986689865,33.580435051677696,33.574714960576884,33.56849540277149,33.56213081969636,33.7666238206797,33.75191840273557,33.73847744171063,33.72559216674276,33.71327945388555,33.703266508623855,33.69141608623898,33.67987530091497,33.66841325525865
frame_000209.jpg,33.50458082345139,33.64394429096437,662.1693115234375,466.21295166015625,512.9378051757812,460.6036682128906,0.9997804760932922,0.997761607170105,149.33688943989137,20,detected,detected,ok,33.519011519019884,33.51563885186582,33.511995051711686,33.50828643016907,33.50458082345139,33.50211418700936,33.4990909117878,33.495527778680085,33.49205250452039,33.687115145824,33.67674223109292,33.66646775489768,33.65544164990871,33.64394429096437,33.63428365677256,33.62201478334435,33.610977804100116,33.60032375665712
frame_000210.jpg,33.487238471699655,33.596801721106026,661.6756591796875,464.9491271972656,514.3262939453125,459.09710693359375,0.999718964099884,0.9982067346572876,147.46552673808094,20,detected,detected,ok,33.494825888851835,33.49376120145608,33.491895672906374,33.48955764830267,33.487238471699655,33.4848253583816,33.48215301680025,33.47980431921137,33.4767794895869,33.63872123009423,33.627893348483724,33.61765157236193,33.60687400030476,33.596801721106026,33.587782084894755,33.577276156545075,33.56795205811689,33.55826462045595
frame_000211.jpg,33.487238471699655,33.596801721106026,661.6756591796875,464.9491271972656,514.3262939453125,459.09710693359375,0.999718964099884,0.9982067346572876,147.46552673808094,20,detected,detected,ok,33.494825888851835,33.49376120145608,33.491895672906374,33.48955764830267,33.487238471699655,33.4848253583816,33.48215301680025,33.47980431921137,33.4767794895869,33.63872123009423,33.627893348483724,33.61765157236193,33.60687400030476,33.596801721106026,33.587782084894755,33.577276156545075,33.56795205811689,33.55826462045595
frame_000212.jpg,33.49936043843763,33.6378481776195,660.3026733398438,460.16943359375,517.6932983398438,459.6602783203125,0.9997312426567078,0.9986997842788696,142.61028391032357,20,detected,detected,ok,33.515694917296706,33.51132259484318,33.50726734651856,33.50302900203848,33.49936043843763,33.49574666594561,33.490449276051265,33.48473914214252,33.478022050991086,33.6834258591271,33.67116985953261,33.659589116802415,33.64849607777917,33.6378481776195,33.62791473699522,33.61546155197403,33.603897378059564,33.59256594738058
frame_000213.jpg,33.76555386454893,33.92274612035363,658.90625,463.30364990234375,511.6671447753906,458.6874084472656,0.9997448325157166,0.9985858201980591,147.3114516679378,20,detected,detected,ok,33.79729020562596,33.78952456620405,33.78155305362298,33.772925259837464,33.76555386454893,33.759045173375235,33.752214281006424,33.74615449408736,33.74038462749379,33.96148465695033,33.95270503044506,33.944232542950715,33.933972047686574,33.92274612035363,33.91233100439842,33.89961571973008,33.88760490165774,33.87573122974296
frame_000214.jpg,33.80151908342942,33.95036674480098,660.565185546875,462.5521545410156,511.5975341796875,459.1779479980469,0.9997811913490295,0.9988652467727661,149.0058603668008,20,detected,detected,ok,33.81886969214017,33.81485255444569,33.811084451392624,33.80672457838504,33.80151908342942,33.796464717687904,33.79044810306648,33.785098212312406,33.77968825067896,33.988760803584405,33.9800049926682,33.970808280593786,33.96075462356404,33.95036674480098,33.94108446969799,33.92917824443767,33.91746760295582,33.9050607790096
frame_000215.jpg,33.80151908342942,33.95036674480098,660.565185546875,462.5521545410156,511.5975341796875,459.1779479980469,0.9997811913490295,0.9988652467727661,149.0058603668008,20,detected,detected,ok,33.81886969214017,33.81485255444569,33.811084451392624,33.80672457838504,33.80151908342942,33.796464717687904,33.79044810306648,33.785098212312406,33.77968825067896,33.988760803584405,33.9800049926682,33.970808280593786,33.96075462356404,33.95036674480098,33.94108446969799,33.92917824443767,33.91746760295582,33.9050607790096
frame_000216.jpg,33.84893133376444,34.10409410688646,664.4217529296875,460.0465087890625,512.8215942382812,459.2342224121094,0.9990224838256836,0.9985643029212952,151.60233482508684,20,detected,detected,ok,33.867134762607165,33.86359014153678,33.8593021816656,33.85436642347929,33.84893133376444,33.84495165343351,33.840681201496565,33.83687393061648,33.83276298041061,34.140724804490645,34.13368471054896,34.12508518783972,34.114860799514695,34.10409410688646,34.093737761517595,34.080045778188364,34.06706131008052,34.05335307630592
frame_000217.jpg,33.848064944425914,34.07098599261242,665.4996337890625,460.1883850097656,513.179443359375,459.7841491699219,0.9987289309501648,0.9984403252601624,152.32072682058237,20,detected,detected,ok,33.87780711924874,33.871285971803104,33.864212303229145,33.85631082897269,33.848064944425914,33.84139168490841,33.83390767633898,33.827384160530386,33.8208610538243,34.09607237901612,34.09182891761454,34.08680005505784,34.07960016132913,34.07098599261242,34.062746680913364,34.051991745076165,34.04121558839433,34.029541153613685
frame_000218.jpg,33.71914605830588,33.8109095615069,661.7302856445312,460.8316345214844,516.1071166992188,460.8594055175781,0.999768078327179,0.9990113973617554,145.62317159333966,20,detected,detected,ok,33.75527029224466,33.74666719965566,33.73797167585706,33.728876040576246,33.71914605830588,33.71068187021866,33.70074437809013,33.691460582440385,33.68164496472733,33.840823558080956,33.834680055580186,33.827806893723626,33.820204638738204,33.8109095615069,33.80206887227003,33.79037544032054,33.78001095982114,33.76985687025824
frame_000219.jpg,33.60370344241905,33.72082980350634,662.247314453125,460.783935546875,517.2046508789062,460.5755615234375,0.999761164188385,0.9985622763633728,145.04281325332065,20,detected,detected,ok,33.63327087184448,33.625892746507375,33.61859358597417,33.61084726507786,33.60370344241905,33.596658263539105,33.58751194130033,33.57881389029975,33.57005239258887,33.772119729947036,33.761276028188675,33.74887877116315,33.73500233900274,33.72082980350634,33.708398146690385,33.69425663493717,33.681714230466476,33.669553374732565
frame_000220.jpg,33.46773567529377,33.634032566361626,660.7510986328125,459.3094787597656,518.3798828125,459.05572509765625,0.9997350573539734,0.9985733032226562,142.37144195756056,20,detected,detected,ok,33.483100083302084,33.48069955898524,33.47760305480961,33.47388515768235,33.46773567529377,33.46252942862425,33.45583115513261,33.4482362802872,33.440487375324565,33.69155357849384,33.6767542917811,33.662498483078764,33.64768896935757,33.634032566361626,33.62196896583676,33.60729513686936,33.594307883182445,33.58167968318506
frame_000221.jpg,33.4789448157649,33.61508021117938,659.9698486328125,460.93023681640625,515.5582885742188,460.7915954589844,0.9997051358222961,0.9979701638221741,144.4116266094348,20,detected,detected,ok,33.48873972329391,33.48738358386676,33.485707194028585,33.483806005697055,33.4789448157649,33.47400088759881,33.46777025778122,33.46210762318146,33.45577002268379,33.669027791107084,33.656337402579574,33.64321537865993,33.62874236806469,33.61508021117938,33.60404993035325,33.59177822280367,33.58142691843344,33.570871446427624
frame_000222.jpg,33.49194056209508,33.67417496425446,659.3135986328125,463.2542724609375,513.634033203125,458.3648681640625,0.9996159076690674,0.9980399012565613,145.76159322043958,20,detected,detected,ok,33.49461469005664,33.49472736531678,33.49491326759589,33.49412714262554,33.49194056209508,33.48879628235064,33.48307778175409,33.47695455979534,33.46985632877673,33.720796779054524,33.710614348724434,33.69906041031113,33.68649722255971,33.67417496425446,33.66321876890881,33.6501927900971,33.63838439738398,33.6258743964525
frame_000223.jpg,33.71370276755932,33.82199306878008,660.5286254882812,463.5065002441406,509.91986083984375,463.3857727050781,0.9977655410766602,0.9968047142028809,150.60881303584836,20,detected,detected,ok,33.742806924834994,33.736703973371526,33.72998283002063,33.72192687726127,33.71370276755932,33.70573916594636,33.69659990172268,33.68790576077517,33.6793354903863,33.85533475378463,33.84876995965106,33.84130118771256,33.83217639175599,33.82199306878008,33.81176585873997,33.79779191290963,33.78436553054838,33.77048225487085
frame_000224.jpg,33.74871840834691,33.82109782612273,656.879150390625,465.9217529296875,510.8169860839844,462.2527160644531,0.999842643737793,0.9991424083709717,146.10823958099874,20,detected,detected,ok,33.77748398301889,33.770465065462474,33.763903187468216,33.756354535391125,33.74871840834691,33.742513591468104,33.735933546089974,33.730043211504345,33.724122410606,33.84824663840508,33.84249425308859,33.83694491566808,33.829810865788765,33.82109782612273,33.81225799686335,33.80029081242598,33.789425071751445,33.77795814616483
frame_000225.jpg,33.8579743073369,33.89917040167479,662.6801147460938,463.50762939453125,508.641357421875,462.808837890625,0.9985607266426086,0.9957724213600159,154.04034233782878,20,detected,detected,ok,33.864488382979864,33.862933427901055,33.861486348218705,33.860401335709774,33.8579743073369,33.855223609582616,33.850762409633965,33.845885572364026,33.8404987171282,33.93104399483389,33.924110011653596,33.916783148253806,33.90827278043496,33.89917040167479,33.89125215951947,33.8808987889351,33.87010588387523,33.85775079387869
frame_000226.jpg,33.88946213767137,34.02304519429475,659.7224731445312,462.74066162109375,514.2405395507812,462.41302490234375,0.9998589754104614,0.9988424181938171,145.4823025250692,20,detected,detected,ok,33.90209831880525,33.900144075227345,33.8978475225593,33.894167932680915,33.88946213767137,33.88528088562337,33.87992502794999,33.8748386725535,33.86980951167479,34.07416400935266,34.06187363374226,34.05020242986334,34.037243822856965,34.02304519429475,34.009692624113114,33.99193574137331,33.97536994272775,33.958980589765225
frame_000227.jpg,33.860484046324856,34.146740685905066,661.1348876953125,460.5518798828125,515.6405029296875,460.4373779296875,0.9998304843902588,0.9983645081520081,145.49442982129935,20,detected,detected,ok,33.87788776664,33.87546499014111,33.871780315525974,33.866171819110605,33.860484046324856,33.85572966154663,33.85052613414884,33.846136777414756,33.84189531525485,34.20639989975806,34.19329175127961,34.179249606379976,34.163242591812306,34.146740685905066,34.13183117557835,34.11307253410477,34.095123357688365,34.07640942909318
frame_000228.jpg,33.958580493636035,34.147871017635914,665.0143432617188,466.41253662109375,513.71484375,463.0091552734375,0.999817430973053,0.998160183429718,151.33777306771154,20,detected,detected,ok,33.95978921284587,33.96079927253118,33.96101992500241,33.95986419487838,33.958580493636035,33.95709562858131,33.954460015584715,33.951167025856826,33.946739833150254,34.18991272540276,34.18163734136584,34.17205620613587,34.160648704915694,34.147871017635914,34.13611704396161,34.120973831969636,34.106776855611194,34.09209934415361
frame_000229.jpg,33.54669473535009,33.79833963325364,666.024658203125,460.4466552734375,518.18994140625,458.89813232421875,0.9998717308044434,0.9982726573944092,147.84282672397904,20,detected,detected,ok,33.56784353237046,33.5633027476382,33.55823385654095,33.55271770014241,33.54669473535009,33.541587019497015,33.535215889877435,33.52976395339313,33.52439972742447,33.84314581372547,33.83404425172971,33.8237655443739,33.81155824421328,33.79833963325364,33.78531536045438,33.768664680769334,33.75277925489191,33.737243534744344
frame_000230.jpg,33.479347908934635,33.64520498123962,668.349853515625,458.6929931640625,524.3043212890625,457.3968200683594,0.9998579025268555,0.9977415800094604,144.0513638225188,20,detected,detected,ok,33.491871902911335,33.48946620753238,33.48694775052056,33.483414462352016,33.479347908934635,33.47646515120077,33.472091711105236,33.467394626635596,33.46251365220183,33.70771921787735,33.69146129653265,33.67567894392699,33.659947880651025,33.64520498123962,33.63287606936438,33.61905483280929,33.605785360987305,33.59141909803198
frame_000231.jpg,33.4668513683465,33.631276006274476,668.6264038085938,460.4419250488281,526.3242797851562,458.7491455078125,0.9998774528503418,0.9981176853179932,142.31219204325492,20,detected,detected,ok,33.47895093432231,33.47492251977131,33.47236450669539,33.46981664228057,33.4668513683465,33.46418032050513,33.46103781624144,33.45812515707196,33.45468649174282,33.693968290196864,33.67743665836775,33.66145515668239,33.64567465974864,33.631276006274476,33.619391710279025,33.606099378854665,33.59359696716229,33.580631319148765
frame_000232.jpg,33.4913793323915,33.65991735278935,672.4876708984375,462.7634582519531,527.3907470703125,460.64788818359375,0.9998513460159302,0.998012900352478,145.11234592927937,20,detected,detected,ok,33.506048106883426,33.50341786305357,33.50058830922439,33.496147688620866,33.4913793323915,33.487422710914146,33.48312571457914,33.478574369907584,33.47423095574711,33.70998243997494,33.698625633570124,33.6869342543622,33.67392764213415,33.65991735278935,33.64793058935766,33.63333709453841,33.62078819279049,33.60881402512214
frame_000233.jpg,33.69088600324128,33.95030361731024,674.8139038085938,462.1441955566406,529.490234375,459.78271484375,0.999884843826294,0.9992988109588623,145.3428549630211,20,detected,detected,ok,33.711989226204,33.707699835001875,33.70328465468052,33.69774105182186,33.69088600324128,33.684508604303005,33.67715397935583,33.669609982468906,33.66221653655041,34.01675890932417,34.00199722190757,33.98561010165389,33.968181988233844,33.95030361731024,33.934508849963144,33.91438798210065,33.896160661835744,33.87745707192681
frame_000234.jpg,33.71680469909639,34.037258453267036,674.666259765625,463.58746337890625,528.4818115234375,460.77679443359375,0.9999046325683594,0.9986526966094971,146.21146592450586,20,detected,detected,ok,33.735847456606116,33.73082645384777,33.72604152568842,33.72099764897675,33.71680469909639,33.71213835667935,33.7056344677933,33.69923597191046,33.692354115435485,34.09721230804274,34.082213741444846,34.06754384742555,34.05225791409052,34.037258453267036,34.024261542335154,34.007707192159145,33.99121908370476,33.97275257894363
frame_000235.jpg,33.75544900434653,33.97161616657975,675.9915161132812,460.3629455566406,534.6150512695312,461.895263671875,0.9998420476913452,0.9979103207588196,141.3847686652362,20,detected,detected,ok,33.7789801763881,33.77220696435134,33.766275497732565,33.760608048072484,33.75544900434653,33.75155965758859,33.74672006102881,33.74227899342562,33.736823812124506,34.0253187983856,34.013481156846865,34.00114272249445,33.98702524933604,33.97161616657975,33.95789783164193,33.94152143054672,33.925704524353264,33.90908954683713
frame_000236.jpg,33.80990699727932,34.00130635344672,676.4716186523438,461.511962890625,534.7308349609375,463.11651611328125,0.9998345375061035,0.9982403516769409,141.74986544084743,20,detected,detected,ok,33.8379578586162,33.82998418420466,33.822464753508605,33.81569358867046,33.80990699727932,33.80479660916754,33.79874085378671,33.7931644167934,33.78744483694976,34.05059823032503,34.039927652444575,34.02867633360682,34.01570946779375,34.00130635344672,33.98804880847747,33.971641060119055,33.95537870376148,33.93872434731802
frame_000237.jpg,33.83213454761009,34.016771871913946,677.6253662109375,460.82977294921875,535.9938354492188,462.30328369140625,0.9998353719711304,0.9987398982048035,141.63919563388882,20,detected,detected,ok,33.855795119976214,33.84970289595054,33.84343944759165,33.837010802884066,33.83213454761009,33.82812072057049,33.82411834599855,33.82010424692243,33.81586149003191,34.07246849551412,34.059704484835756,34.0462301585734,34.031522548886535,34.016771871913946,34.0043675298075,33.99003570574233,33.97584239324419,33.960538771707974
frame_000238.jpg,33.785973286230494,33.98996404153313,678.9019165039062,462.4373779296875,535.84423828125,463.1748046875,0.9997957348823547,0.9982283711433411,143.059578835813,20,detected,detected,ok,33.830961768280496,33.82117462499177,33.81055012372188,33.798201027843604,33.785973286230494,33.77554019582833,33.76440755256872,33.75449721720126,33.7446937124803,34.04603932367028,34.033322842519475,34.020193321773085,34.0054645903714,33.98996404153313,33.97715523044237,33.962135436391264,33.947949158487376,33.93321239148304
frame_000239.jpg,33.51477641852187,33.74387729111935,681.75732421875,461.46148681640625,539.3219604492188,463.36920166015625,0.9996836185455322,0.9979106783866882,142.44813873155297,20,detected,detected,ok,33.52441756527389,33.521364566544264,33.51870940801586,33.51620720139664,33.51477641852187,33.51315471861016,33.51200417254365,33.51049855981918,33.50709987048967,33.82379261812284,33.80310905264079,33.78304286770241,33.7629814717141,33.74387729111935,33.72802715982463,33.70935896678326,33.69211292043563,33.6759354681189
frame_000240.jpg,33.48953934797868,33.69123460094721,679.49951171875,465.0049133300781,536.74951171875,462.0766906738281,0.9998509883880615,0.9975112676620483,142.7800300739728,20,detected,detected,ok,33.506179585291726,33.50187159120364,33.49781659647991,33.493462806359055,33.48953934797868,33.485554897954515,33.48063166011406,33.47515296897547,33.46846121317751,33.765557971125624,33.74672995681023,33.72862294336073,33.709680127425294,33.69123460094721,33.67612524788698,33.65944331196063,33.64524891562989,33.63162027103449
frame_000241.jpg,33.380533088724725,33.599331435592475,679.941162109375,462.71795654296875,537.7388916015625,460.12255859375,0.9998370409011841,0.9975304007530212,142.22595342655254,20,detected,detected,ok,33.39194585949774,33.39022254112193,33.388687298217754,33.38539688417858,33.380533088724725,33.37532335529056,33.36899120709432,33.36334780027875,33.35826409233934,33.665165731044546,33.647400217083025,33.63065286155196,33.614234322267464,33.599331435592475,33.58721511057309,33.574553948018476,33.5629553124785,33.55144013540722
frame_000242.jpg,33.39851142687218,33.59999324704646,682.1002807617188,463.63580322265625,540.5169677734375,459.7482604980469,0.9997422099113464,0.9991542100906372,141.63667429438348,20,detected,detected,ok,33.40430338785268,33.404610743129325,33.40345006120652,33.40152907811741,33.39851142687218,33.39461232721928,33.38934176560899,33.38460445404994,33.379139209955184,33.65891474030467,33.64308672102481,33.6285786788955,33.61418619144745,33.59999324704646,33.58732920923519,33.57267702104544,33.559594473938255,33.54690788017085
frame_000243.jpg,33.39748071965219,33.61427046212618,683.1026611328125,464.6697082519531,540.837890625,460.4978942871094,0.9997931122779846,0.9989450573921204,142.32592511344453,20,detected,detected,ok,33.40641271405805,33.406223755603364,33.40501118267898,33.402386005268895,33.39748071965219,33.39327868468924,33.3877725170103,33.38293615610647,33.37822840386822,33.67530537477501,33.65856017682722,33.64307280609062,33.628029949949294,33.61427046212618,33.603075720910184,33.590857287428975,33.57952965979218,33.567270072745025
frame_000244.jpg,33.68423845466192,33.94661468207323,685.5215454101562,466.00830078125,542.83251953125,462.5721130371094,0.9998791217803955,0.999504566192627,142.73039442418758,20,detected,detected,ok,33.721815675757504,33.71139037955526,33.70211599523264,33.69286159072883,33.68423845466192,33.67684140761244,33.667554562309356,33.658645506380445,33.648590411898624,33.99811211675452,33.98605536745676,33.97419767150587,33.96093472585219,33.94661468207323,33.93416752716933,33.91891682926645,33.90447745415217,33.88958173724693
frame_000245.jpg,33.68992887829741,33.970007173066065,684.6646728515625,466.2620849609375,542.540283203125,462.897216796875,0.999874472618103,0.9994332194328308,142.16421656205338,20,detected,detected,ok,33.72460456322137,33.71472807192364,33.70625974573523,33.69774444915293,33.68992887829741,33.682995952890245,33.674869461929084,33.66845567863663,33.662305162066666,34.02095277665343,34.0102931154067,33.99789372607157,33.98414027791309,33.970007173066065,33.9567834274406,33.94044377137863,33.92511783616122,33.910063042884964
frame_000246.jpg,33.822805371808066,34.02400893658956,686.2787475585938,468.2814636230469,541.5415649414062,464.4032897949219,0.9998983144760132,0.9991869330406189,144.78913033857975,20,detected,detected,ok,33.859759921391166,33.85217785886778,33.843191360073206,33.83324053012541,33.822805371808066,33.81366161317437,33.80320282371993,33.794361882742585,33.78583607243354,34.065179669959505,34.05765945272501,34.04863072561722,34.037213671996476,34.02400893658956,34.01092290605582,33.994435037306076,33.978774777705624,33.96218710395807
frame_000247.jpg,33.84719443125058,34.04305958717472,686.5853271484375,468.5345153808594,541.5486450195312,464.5568542480469,0.9998654127120972,0.999201238155365,145.09121596791752,20,detected,detected,ok,33.874223781369665,33.86934896628932,33.86344378876044,33.85623174334141,33.84719443125058,33.839051545438814,33.828863442907064,33.81946626579496,33.81042362042145,34.077089635989374,34.0717520911804,34.06445541076921,34.05467615305599,34.04305958717472,34.03058762190446,34.01438697605371,33.999060633461966,33.98301327537346
frame_000248.jpg,33.87660412715764,34.072435716062714,687.5390625,470.5582580566406,541.8106079101562,465.9806823730469,0.9998747110366821,0.9990549683570862,145.80033153694535,20,detected,detected,ok,33.89564926017733,33.89243391414863,33.88822871410997,33.88295828433028,33.87660412715764,33.87043159078376,33.86207436989619,33.85427996646583,33.84627072323284,34.11133446209317,34.10416395834445,34.0965082592474,34.08551185690164,34.072435716062714,34.05982620990329,34.04355906140378,34.02777200407131,34.01104270720962
frame_000249.jpg,33.876774337931806,34.09451602070387,687.82177734375,471.03216552734375,541.3304443359375,466.1988220214844,0.9998728036880493,0.9988535642623901,146.57104712681644,20,detected,detected,ok,33.894013226849395,33.891256995548076,33.8875982021143,33.882701667738836,33.876774337931806,33.87091525191389,33.86268463518778,33.85502130538615,33.847108367028426,34.13101561259418,34.123761965914994,34.115929219518215,34.106567590302475,34.09451602070387,34.0812105445232,34.063950168375904,34.04752499797784,34.03106412459674
frame_000250.jpg,33.861431523233776,34.06968717443696,688.0286254882812,471.59930419921875,540.8690795898438,466.8798522949219,0.9998750686645508,0.9985731840133667,147.23520358702027,20,detected,detected,ok,33.88163376099753,33.878677719847246,33.87411624018067,33.868276830943394,33.861431523233776,33.855202655990944,33.846362022691935,33.83735256050655,33.82827749471258,34.09408851276711,34.09037641587253,34.08538482571148,34.07852885894956,34.06968717443696,34.058600978514,34.043945410555494,34.030065533675355,34.01589032711219
frame_000251.jpg,33.78777093640043,33.8423676959674,686.8904418945312,471.8732604980469,541.5054931640625,466.7273254394531,0.9998471736907959,0.99835205078125,145.47599102597064,20,detected,detected,ok,33.81955358411533,33.81382486321923,33.80646667932121,33.797599503481884,33.78777093640043,33.77900461310029,33.76774727749302,33.75773801496357,33.7480994896614,33.86892571347941,33.865972177202124,33.860932749108954,33.85317007085711,33.8423676959674,33.831392009032974,33.81727479536181,33.80357217785418,33.788993941861584
frame_000252.jpg,33.596596332665335,33.68911358856819,687.4273071289062,472.2777404785156,540.9904174804688,467.2270812988281,0.9998806715011597,0.9982978701591492,146.52396325535977,20,detected,detected,ok,33.61311987850502,33.610479477733314,33.607177520908294,33.60231896502614,33.596596332665335,33.59112982545277,33.584878435983974,33.57893517124471,33.57308757566082,33.71154750079702,33.706892284117615,33.701847365186985,33.69571943422249,33.68911358856819,33.68231544677672,33.673734755660966,33.66548125550818,33.65641349977146
frame_000253.jpg,33.514609603106784,33.657166201069366,687.1162109375,471.21356201171875,543.5963134765625,466.14544677734375,0.9998733997344971,0.9984992742538452,143.60935470653337,20,detected,detected,ok,33.52344882049414,33.5222795374159,33.52067602138065,33.5180898467959,33.514609603106784,33.510743695133286,33.50535161340827,33.499823306855916,33.49425962735125,33.690222921035065,33.68323448052998,33.675350309527886,33.6668280708185,33.657166201069366,33.64825377946031,33.63683267988464,33.62623197391643,33.61540896670114
frame_000254.jpg,33.49801355838105,33.67046472977346,687.7791748046875,470.0777587890625,543.6622314453125,465.247314453125,0.999849796295166,0.9986091256141663,144.19787292374286,20,detected,detected,ok,33.50917238855149,33.50776808614751,33.505561812686246,33.50185970409521,33.49801355838105,33.493856559696056,33.48876316356807,33.48361865424211,33.477832123256185,33.71144046825268,33.70237234390802,33.69340514893237,33.68272010948384,33.67046472977346,33.659179500772204,33.64524092238095,33.63279431999634,33.620891789720176
frame_000255.jpg,33.48352508133023,33.680067507654655,687.720947265625,469.4637451171875,543.5565185546875,464.97283935546875,0.9998524188995361,0.9987695813179016,144.23436046972864,20,detected,detected,ok,33.498004506449064,33.49505587063029,33.49166968268503,33.487438964130405,33.48352508133023,33.479789822103946,33.47525140846645,33.47101340231097,33.46566962943272,33.72940134675081,33.718404902405354,33.70691810822807,33.694224373418244,33.680067507654655,33.667299505511124,33.652108753628845,33.6393240739764,33.62743358559653
frame_000256.jpg,33.641771462371004,33.802960123666715,686.3622436523438,467.62274169921875,543.8025512695312,463.4417724609375,0.9998205304145813,0.9990536570549011,142.62098862388237,20,detected,detected,ok,33.663715123931226,33.65893205533857,33.65366923293446,33.64765300128697,33.641771462371004,33.636106261668374,33.62928530082657,33.62312858787385,33.61633538773108,33.84566164993232,33.836977818571974,33.826601877661496,33.81524065875104,33.802960123666715,33.792682586053935,33.778836163236626,33.76625105509416,33.753794482184205
frame_000257.jpg,33.79307050841766,33.9333876584395,684.9721069335938,467.8460693359375,543.5382690429688,466.01300048828125,0.9996129870414734,0.9992082715034485,141.44571623726128,20,detected,detected,ok,33.82922211745011,33.82063905546666,33.812024659006205,33.80267458233256,33.79307050841766,33.78462629686735,33.77538745332912,33.767718706299824,33.76021011107889,33.96576247540648,33.95851374173212,33.95095994578148,33.943110988204616,33.9333876584395,33.92367132536284,33.91019708444922,33.89679526569615,33.88284965648201
frame_000258.jpg,33.87233577809364,33.99160571631538,684.8922119140625,468.07080078125,540.89892578125,464.5613708496094,0.9998496770858765,0.9994757771492004,144.0360460085291,20,detected,detected,ok,33.90342047955132,33.896269719351125,33.888874857944224,33.88056527030112,33.87233577809364,33.865179696710456,33.85617194709883,33.84749931244396,33.8389456766152,34.02027312070776,34.016499035368014,34.01080447562028,34.002149879199436,33.99160571631538,33.981837312360405,33.96839522958732,33.954422714669136,33.93917973519399
frame_000259.jpg,33.89430376498384,33.993789362535615,684.775634765625,468.44915771484375,540.4156494140625,464.95684814453125,0.9998666048049927,0.9994316697120667,144.4022215786109,20,detected,detected,ok,33.92240812178143,33.91662467657563,33.91018338034389,33.90286190076908,33.89430376498384,33.886864780944805,33.87760921774499,33.869271406892345,33.860967736797704,34.022105832824906,34.01869183394613,34.0131748488112,34.004695549077276,33.993789362535615,33.98317063680909,33.97006262419403,33.95733953797552,33.942828422986494
frame_000260.jpg,33.9336036474342,33.991405547461824,686.7969360351562,468.79437255859375,540.647705078125,465.3011169433594,0.9998416900634766,0.9995576739311218,146.19097285443115,20,detected,detected,ok,33.95295777976487,33.948574657526855,33.94451237289016,33.93947565774893,33.9336036474342,33.928136133373194,33.92108505160914,33.91364555178686,33.90595028393637,34.02001343861127,34.01601511959762,34.01084755054727,34.00237697389846,33.991405547461824,33.98092769890506,33.96734752089196,33.953237247390824,33.938011102710334
